36 0.0 0.0 0.0 0.0 0.0 0.0 0.0 0.0 0.0 0.0 0.0 0.0 0.0 0.0 0.0 0.0 0.0 0.0 0.0
20 14 0.0 0.0 0.0 0.0 0.0 0.0 0.0 0.0 0.0 0.0 0.0 0.0 0.0 0.0 0.0 0.0 0.0 0.0
39 34 22 0.0 0.0 0.0 0.0 0.0 0.0 0.0 0.0 0.0 0.0 0.0 0.0 0.0 0.0 0.0 0.0 0.0
36 35 31 24 0.0 0.0 0.0 0.0 0.0 0.0 0.0 0.0 0.0 0.0 0.0 0.0 0.0 0.0 0.0 0.0
15 13 21 10 48 0.0 0.0 0.0 0.0 0.0 0.0 0.0 0.0 0.0 0.0 0.0 0.0 0.0 0.0 0.0
34 29 30 17 13 7 0.0 0.0 0.0 0.0 0.0 0.0 0.0 0.0 0.0 0.0 0.0 0.0 0.0 0.0
27 34 27 38 9 19 9 0.0 0.0 0.0 0.0 0.0 0.0 0.0 0.0 0.0 0.0 0.0 0.0 0.0
115 58 80 83 53 75 54 75 0.0 0.0 0.0 0.0 0.0 0.0 0.0 0.0 0.0 0.0 0.0 0.0
25 17 25 32 11 17 24 40 8 0.0 0.0 0.0 0.0 0.0 0.0 0.0 0.0 0.0 0.0 0.0
119 33 51 43 33 29 35 109 27 81 0.0 0.0 0.0 0.0 0.0 0.0 0.0 0.0 0.0 0.0
174 47 63 60 49 53 53 155 49 230 167 0.0 0.0 0.0 0.0 0.0 0.0 0.0 0.0 0.0
55 20 39 54 14 32 70 92 21 53 86 20 0.0 0.0 0.0 0.0 0.0 0.0 0.0 0.0
26 9 7 13 11 1 12 32 7 44 58 21 6 0.0 0.0 0.0 0.0 0.0 0.0 0.0
62 32 27 32 32 21 22 67 38 103 175 32 20 53 0.0 0.0 0.0 0.0 0.0 0.0
33 20 22 23 24 23 17 62 15 41 46 34 16 19 11 0.0 0.0 0.0 0.0 0.0
64 44 42 37 28 44 41 145 43 65 93 51 14 36 38 34 0.0 0.0 0.0 0.0
70 36 46 38 22 28 28 116 36 67 110 50 16 39 32 69 29 0.0 0.0 0.0
38 15 21 24 17 22 15 52 23 40 68 20 17 41 19 31 20 7 0.0 0.0
65 45 50 52 43 32 40 103 44 81 105 64 19 45 42 71 53 32 33 0.0
101 44 50 53 53 46 39 183 42 216 306 67 52 114 58 106 79 62 85 152
