label	aaindex	reslike	combined
0.0	0.77981365	0.938468	0.8591408
0.0	0.016082883	0.8790072	0.44754505
0.0	6.052668e-07	0.9521096	0.4760551
0.0	0.18660513	0.119163096	0.15288411
0.0	0.88265586	0.9956926	0.93917423
0.0	0.00014659762	0.27103585	0.13559122
0.0	0.45826763	0.9985896	0.7284286
0.0	0.5304226	0.87952137	0.704972
0.0	0.00032955408	0.09377372	0.04705164
0.0	0.0016631186	0.0032259524	0.0024445355
0.0	0.023516357	0.9832729	0.5033946
0.0	0.0250521	0.8499284	0.43749022
0.0	0.99436027	0.02185309	0.5081067
0.0	2.8126726e-07	0.009904504	0.0049523925
0.0	0.0033341944	0.118953615	0.061143905
0.0	0.17918897	0.4380271	0.30860806
0.0	0.9365337	0.9775083	0.957021
0.0	0.008118719	0.98844147	0.4982801
0.0	0.00017139316	0.23785749	0.11901444
0.0	0.21245715	0.9654062	0.5889317
0.0	0.9337653	0.9966245	0.96519494
0.0	0.49246782	0.8114872	0.65197754
1.0	0.9946324	0.28903508	0.6418338
0.0	0.36551753	0.9953537	0.6804356
0.0	0.23719326	0.6326921	0.43494266
0.0	0.9779873	0.9956461	0.9868167
0.0	0.98563397	0.9682206	0.9769273
0.0	0.46369052	0.00035879016	0.23202465
0.0	0.9048445	0.99903524	0.9519399
0.0	0.9896165	0.9924079	0.9910122
0.0	0.38461956	0.97019887	0.67740923
0.0	0.075523466	0.97895306	0.52723825
0.0	0.0153615475	0.4247826	0.22007208
1.0	0.9792576	0.99704945	0.9881535
0.0	1.171833e-06	0.009511471	0.004756321
0.0	3.582278e-06	0.7453067	0.37265512
0.0	0.97030604	0.994027	0.9821665
0.0	1.2411686e-05	0.3693499	0.18468115
0.0	2.392479e-05	0.2029036	0.101463765
0.0	3.0669452e-07	0.02343458	0.011717443
0.0	0.9957414	0.99420655	0.994974
0.0	0.9514129	0.9838259	0.9676194
0.0	0.8422053	0.70393157	0.7730684
0.0	0.24334738	0.98699975	0.6151736
0.0	8.848894e-05	0.0350821	0.017585296
0.0	0.9995394	0.9914702	0.9955048
0.0	0.022343218	0.3607921	0.19156766
0.0	0.97474515	0.9977038	0.9862245
1.0	0.8749316	0.89964527	0.88728845
0.0	0.24268222	0.9996842	0.6211832
0.0	0.7205153	0.93753475	0.82902503
1.0	0.9345039	0.97016585	0.9523349
1.0	0.9494901	0.9588371	0.95416355
0.0	0.5671118	0.91556275	0.7413373
0.0	0.97488165	0.05539483	0.51513827
0.0	1.7590557e-08	0.9894625	0.49473125
0.0	0.93944854	0.93114626	0.93529737
0.0	0.0014422536	0.16436732	0.082904786
0.0	9.076181e-05	0.08057067	0.040330715
1.0	0.6509979	0.9699679	0.81048286
0.0	0.9932249	0.9404704	0.96684766
0.0	0.011813819	0.9847858	0.4982998
0.0	0.011573106	0.13467184	0.07312247
0.0	0.013908923	0.91042364	0.46216628
1.0	0.99929076	0.99949354	0.99939215
0.0	2.5970336e-05	0.12137687	0.060701422
0.0	4.3848417e-05	0.0015250742	0.0007844613
0.0	0.00011224927	0.42076674	0.21043949
0.0	0.99937534	0.51578635	0.7575809
1.0	0.9999444	0.99989665	0.9999205
0.0	0.99024844	0.99954545	0.99489695
0.0	0.051593304	0.951408	0.50150067
0.0	0.8083974	0.4258066	0.617102
0.0	0.9502158	0.9981997	0.97420776
0.0	0.055767596	0.7812647	0.41851616
0.0	0.9793055	0.98729134	0.9832984
0.0	0.96861327	0.98756623	0.97808975
0.0	0.9115536	0.98812526	0.9498395
1.0	0.98058206	0.99755216	0.9890671
0.0	7.732166e-06	0.18989378	0.09495076
0.0	3.547646e-05	0.0007394552	0.00038746584
0.0	0.02011469	0.114076614	0.06709565
0.0	0.62290126	0.9800304	0.80146587
0.0	0.00060647726	0.0011644363	0.0008854568
0.0	0.0609456	0.9707854	0.5158655
0.0	0.78073704	0.9990779	0.8899075
0.0	0.45677465	0.12470907	0.29074186
1.0	0.99635994	0.99695253	0.99665624
0.0	0.61330307	0.94917035	0.7812367
0.0	0.016179979	0.94568014	0.48093006
0.0	3.8389866e-05	0.00050637126	0.00027238057
1.0	0.9870164	0.96209663	0.9745565
0.0	0.1455259	0.5692277	0.3573768
0.0	0.73648536	0.11207181	0.4242786
0.0	0.9999997	0.9988131	0.9994064
0.0	0.14789978	0.79300106	0.4704504
0.0	0.9591147	0.9917211	0.97541785
0.0	0.7598978	0.23288831	0.49639308
1.0	0.9996232	0.99837357	0.9989984
0.0	0.20305166	0.26308817	0.23306991
0.0	1.4948201e-08	0.0049369335	0.0024684742
0.0	4.064345e-05	0.7853757	0.39270818
0.0	0.3297763	0.9708421	0.6503092
0.0	7.032356e-05	0.0014717877	0.00077105564
0.0	0.0008457601	0.00044181943	0.00064378977
0.0	0.00051131845	0.47616866	0.23833999
0.0	0.99694663	0.0033791661	0.5001629
0.0	0.14462763	0.00044688582	0.07253726
0.0	0.9900764	0.94029754	0.96518695
0.0	0.35014954	0.9572394	0.65369445
0.0	0.07428184	0.86193	0.4681059
1.0	0.99292254	0.93697023	0.9649464
1.0	0.9927913	0.94778264	0.97028697
0.0	0.015290618	0.47354826	0.24441944
0.0	0.7111126	0.94263154	0.8268721
1.0	0.99174285	0.9727629	0.98225284
1.0	0.99848175	0.9953846	0.99693316
0.0	0.050677568	0.07506749	0.06287253
0.0	0.95855016	0.936591	0.94757056
0.0	0.07269263	0.06796318	0.07032791
0.0	0.20271361	0.9681775	0.5854455
0.0	0.10327113	0.9306127	0.5169419
0.0	0.68784225	0.97275156	0.8302969
0.0	0.010145903	0.087610304	0.048878103
0.0	0.72993374	0.9874532	0.8586935
1.0	0.057828665	0.39843854	0.2281336
0.0	0.08267605	0.22595635	0.1543162
0.0	0.86765206	0.9854208	0.92653644
0.0	0.98984605	0.99825656	0.99405134
0.0	1.9209986e-06	0.105510026	0.052755974
0.0	0.00187397	0.011176348	0.006525159
0.0	0.99926025	0.99731815	0.9982892
0.0	0.99788815	0.99828446	0.99808633
0.0	0.9612853	0.969602	0.9654436
0.0	0.5202731	0.03619969	0.2782364
1.0	0.9807083	0.98818254	0.98444545
0.0	0.0005354285	0.30232635	0.15143089
1.0	0.8573612	0.99682575	0.9270935
0.0	0.4469426	0.49467516	0.47080886
0.0	0.9989376	0.98792547	0.99343157
0.0	0.24266592	0.9590339	0.6008499
0.0	0.9591181	0.20685515	0.58298665
0.0	0.99595904	0.77706903	0.88651407
0.0	0.9881842	0.9983873	0.9932858
0.0	0.99583155	0.89149296	0.9436623
1.0	0.9895053	0.9269159	0.9582106
0.0	0.9986321	0.985857	0.99224454
1.0	0.75135326	0.252298	0.50182563
1.0	0.9980036	0.98498034	0.991492
0.0	0.0971086	1.7340739e-05	0.04856297
0.0	0.0690355	0.06372902	0.06638226
0.0	0.0018261075	0.6930052	0.34741566
0.0	0.997241	0.9777757	0.98750836
1.0	0.9666263	0.9974423	0.9820343
1.0	0.9781945	0.9776794	0.9779369
0.0	0.85530514	0.98971796	0.9225116
0.0	0.9968475	0.99264205	0.9947448
0.0	0.0010519922	0.705401	0.35322648
0.0	0.14725262	0.07094273	0.109097674
0.0	3.082244e-06	0.9010079	0.4505055
0.0	1.5653724e-06	0.05171427	0.025857918
0.0	0.015834063	0.033144534	0.024489298
0.0	0.0032535195	0.9894376	0.49634555
1.0	0.9994595	0.9908241	0.9951418
0.0	0.942907	0.9082422	0.9255746
0.0	0.607564	0.09634626	0.35195512
0.0	0.00063464046	0.076978326	0.038806483
0.0	0.00013318658	0.07109475	0.03561397
0.0	0.18339315	0.8539864	0.51868975
0.0	0.9220031	0.97623533	0.9491192
0.0	0.70761853	0.95458406	0.8311013
0.0	0.89628273	0.9983267	0.9473047
0.0	0.19729635	0.0010332465	0.0991648
0.0	0.020576417	0.9563283	0.48845235
0.0	0.009297758	0.000343889	0.0048208237
1.0	0.9761255	0.9906949	0.9834102
1.0	0.93921924	0.99842936	0.96882427
0.0	0.0074979663	0.08548701	0.046492487
1.0	0.99991417	0.9914713	0.99569273
0.0	0.003983408	0.0013201535	0.0026517808
0.0	0.0026505888	0.023989111	0.01331985
0.0	0.9735124	0.9403938	0.9569531
0.0	2.3754899e-06	0.17495564	0.087479
0.0	0.6357737	0.9867179	0.8112458
1.0	0.98688763	0.9864717	0.9866797
0.0	0.94869816	0.9664892	0.9575937
0.0	0.69364077	0.9829712	0.83830595
0.0	0.9809656	0.99690354	0.9889346
0.0	0.8910637	0.9220708	0.9065672
0.0	0.36763293	0.491555	0.42959398
0.0	0.95578957	0.021569133	0.48867935
0.0	0.0041291118	0.013165027	0.008647069
0.0	0.013172001	0.20028132	0.10672666
0.0	0.0636462	0.2132582	0.1384522
1.0	0.9999274	0.9996079	0.99976766
0.0	0.99666566	0.97376984	0.98521775
1.0	0.9999604	0.9946685	0.99731445
0.0	0.27231944	0.26568243	0.26900095
1.0	0.7885547	0.88759005	0.8380724
0.0	0.30177838	0.85913634	0.5804573
0.0	0.00062951446	0.97080886	0.4857192
1.0	0.20247486	0.9524374	0.5774561
0.0	0.9994422	0.9940424	0.9967423
0.0	0.9997728	0.9931577	0.9964652
0.0	0.30270052	0.9296495	0.616175
0.0	0.018957287	0.9146502	0.46680373
0.0	0.00038266182	0.8594763	0.4299295
0.0	0.8430437	0.9139978	0.8785207
0.0	0.30083257	0.99477136	0.647802
0.0	7.9735684e-05	0.10191885	0.05099929
0.0	0.72369075	0.52648985	0.6250903
0.0	0.95287204	0.9976113	0.97524166
0.0	0.5826822	0.85933316	0.7210077
0.0	0.9860005	0.9416153	0.9638079
0.0	0.5811672	0.98033774	0.7807525
0.0	0.001868546	0.89829457	0.45008156
0.0	0.019531041	0.43809307	0.22881205
0.0	0.64743215	0.1647963	0.40611422
0.0	0.840631	0.9030493	0.8718401
0.0	0.8580259	0.95812124	0.90807354
0.0	0.99571383	0.9948105	0.99526215
0.0	0.9958136	0.95959735	0.9777055
0.0	0.97583425	0.95175064	0.96379244
0.0	0.9530339	0.96569264	0.9593633
0.0	0.9944709	0.971514	0.9829924
0.0	0.0025066435	4.7959293e-05	0.0012773015
0.0	0.00277856	0.42560798	0.21419327
0.0	0.94959414	0.9996465	0.97462034
0.0	2.2069995e-05	0.952762	0.47639203
0.0	0.9961023	0.9287809	0.96244156
0.0	0.2690528	0.0029337704	0.13599329
0.0	0.9594185	0.9706303	0.96502435
0.0	0.0008945763	0.014906049	0.007900313
0.0	5.5511697e-05	0.009630173	0.0048428425
0.0	0.0013604164	0.9570966	0.4792285
0.0	0.0151771605	0.02360642	0.01939179
0.0	0.0034799576	0.0043255985	0.003902778
0.0	0.17637712	0.9764265	0.5764018
1.0	0.9730923	0.9949462	0.9840193
0.0	0.0013768077	0.00065484643	0.0010158271
0.0	9.2994475e-07	0.77094084	0.3854709
0.0	1.1304612e-05	0.8571287	0.42857
1.0	0.96787786	0.75169444	0.85978615
0.0	1.1952628e-05	0.21295637	0.10648416
0.0	0.00039246678	0.006688297	0.0035403818
0.0	0.9987918	0.9940606	0.9964262
0.0	0.00015690923	0.08239803	0.04127747
0.0	0.0001045932	0.06985682	0.034980707
0.0	8.1440725e-05	0.0015993416	0.00084039115
0.0	0.9998107	0.99713135	0.998471
0.0	0.8825209	0.97195536	0.9272381
0.0	0.0069044232	0.9875133	0.49720886
0.0	0.007889658	0.15083158	0.07936062
0.0	0.9207962	0.96378654	0.9422914
0.0	0.9415426	0.95933783	0.9504402
0.0	0.6131158	0.9952779	0.80419683
0.0	0.9693432	0.9967114	0.9830273
0.0	0.42098528	0.92735195	0.6741686
0.0	0.78436387	0.075653285	0.4300086
0.0	0.97418475	0.16733983	0.5707623
0.0	0.9982134	0.9914851	0.99484926
0.0	0.79773164	0.94484603	0.87128884
0.0	0.8986871	0.9955987	0.9471429
0.0	0.99931806	0.99810874	0.9987134
0.0	0.61838716	0.67247593	0.6454315
1.0	0.99876714	0.99898386	0.9988755
1.0	0.98042583	0.971451	0.97593844
0.0	0.4923372	0.14775023	0.3200437
0.0	0.3636184	0.98279715	0.67320776
0.0	0.96802217	0.99821335	0.98311776
0.0	0.76847076	0.7323197	0.75039524
0.0	0.014838457	0.110875964	0.06285721
0.0	0.99977374	0.980446	0.99010986
0.0	0.0055452883	0.19930807	0.10242668
0.0	0.9236615	0.97222245	0.94794196
0.0	0.87952065	0.95942295	0.9194718
0.0	0.045673013	0.7615013	0.40358716
0.0	0.38521945	0.0010923147	0.19315588
0.0	0.6062136	0.9944801	0.80034685
0.0	0.99927455	0.9941064	0.9966905
0.0	0.0090124905	0.30013263	0.15457256
0.0	0.39897022	0.66194886	0.5304595
0.0	0.98460287	0.9628782	0.9737406
1.0	0.9973793	0.9103637	0.9538715
0.0	0.7146385	0.6998647	0.70725155
0.0	0.9664892	0.9573687	0.96192896
0.0	0.00034043193	0.0008569062	0.00059866905
1.0	0.99932635	0.9874505	0.9933884
0.0	0.026531816	0.21243039	0.1194811
0.0	0.01033023	0.75657934	0.3834548
0.0	0.14397663	0.035797894	0.08988726
0.0	0.9991523	0.8628134	0.9309828
0.0	0.6969655	3.642932e-05	0.34850097
0.0	0.000115174276	0.067456394	0.033785783
0.0	0.82928884	0.756822	0.7930554
0.0	0.00024950504	0.10396227	0.05210589
0.0	0.10310754	0.97120327	0.5371554
0.0	0.9909824	0.9663843	0.97868335
0.0	0.9145426	0.36924723	0.64189494
0.0	0.90367836	0.26700103	0.58533967
0.0	0.786888	0.9913398	0.8891139
1.0	0.9995742	0.9980134	0.9987938
0.0	0.0003090799	0.30541992	0.1528645
0.0	1.5273945e-05	0.74131936	0.3706673
0.0	0.00043556094	0.94492686	0.47268122
0.0	0.86586463	0.008615404	0.43724
0.0	0.032460093	0.29130822	0.16188416
0.0	0.7009006	0.9871689	0.8440348
0.0	0.04753259	0.13904718	0.09328988
1.0	0.9949601	0.99870217	0.9968312
0.0	0.95053124	0.9093256	0.9299284
0.0	0.20083165	0.83626926	0.51855046
0.0	0.990231	0.8650389	0.92763495
0.0	0.08097473	0.00038301945	0.040678874
0.0	0.947284	0.9881563	0.96772015
0.0	0.3617952	0.93768895	0.64974207
0.0	0.8681334	0.9521041	0.91011876
0.0	0.2933141	0.9876603	0.6404872
0.0	0.9891796	0.9401192	0.96464944
0.0	0.005319923	0.39163765	0.19847879
0.0	0.9986273	0.90635455	0.9524909
0.0	0.0010411143	0.7710918	0.38606647
0.0	0.76010424	0.87115103	0.81562763
0.0	0.02928996	0.0028048158	0.016047388
0.0	0.121207535	0.9769325	0.54907
0.0	0.98038495	0.99723256	0.98880875
0.0	0.9850639	0.64025116	0.81265754
0.0	0.0023931563	0.9768358	0.4896145
0.0	0.9911191	0.9520985	0.97160876
0.0	0.9803926	0.9941381	0.98726535
0.0	0.99767745	0.9798907	0.9887841
0.0	0.17111772	0.021180272	0.096149
0.0	0.9919677	0.99038696	0.9911773
0.0	0.9596591	0.9356506	0.94765484
0.0	0.20880097	0.66013783	0.4344694
0.0	0.9784632	0.9811212	0.9797922
0.0	0.8368097	0.94499767	0.8909037
0.0	0.0009844005	0.11581716	0.05840078
0.0	0.5250569	0.8212651	0.67316103
0.0	0.9768536	0.93891346	0.95788354
0.0	0.94942665	0.98044026	0.96493345
0.0	0.62153846	0.99230874	0.8069236
0.0	0.00013533235	0.81880045	0.40946788
0.0	0.81613964	0.97993577	0.8980377
0.0	0.98244077	0.61464447	0.7985426
0.0	0.713315	0.97776	0.84553754
0.0	0.9604523	0.99314404	0.9767982
0.0	0.8448024	0.9885148	0.9166586
1.0	0.8871757	0.9962808	0.94172823
1.0	0.0061165392	0.94362867	0.4748726
1.0	0.92587984	0.9957397	0.96080977
0.0	0.8458824	0.9698205	0.90785146
0.0	0.7821095	0.924214	0.85316175
0.0	0.99979746	0.97860557	0.98920155
0.0	0.95376384	0.9954895	0.97462666
0.0	0.8677534	0.95936656	0.91356
1.0	0.9944726	0.99916923	0.9968209
0.0	0.9979782	0.99582493	0.9969016
0.0	0.99194336	0.9921332	0.99203825
0.0	0.0032158196	0.016391128	0.009803474
0.0	0.095893145	0.9972736	0.5465834
0.0	0.04783985	0.18326452	0.11555219
0.0	0.95990026	0.9951286	0.9775144
0.0	0.00021868944	0.16486037	0.08253953
0.0	0.9907733	0.9852575	0.9880154
0.0	0.62405264	0.889909	0.75698084
0.0	0.045826912	0.009471208	0.02764906
0.0	8.996484e-07	0.27142566	0.13571328
1.0	0.9923594	0.99027324	0.9913163
1.0	0.9955085	0.99884546	0.997177
0.0	0.9991007	0.9993758	0.99923825
0.0	0.0028255582	0.97259915	0.48771235
0.0	0.012478441	0.8641675	0.43832296
0.0	0.5931411	0.92091227	0.7570267
0.0	0.009976119	0.911536	0.46075606
0.0	0.98247516	0.96509016	0.97378266
0.0	0.9690937	0.9869836	0.97803867
1.0	0.9991052	0.99368733	0.9963963
1.0	0.9164051	0.9905931	0.9534991
0.0	0.8690804	0.9545622	0.9118213
0.0	0.53943723	0.97863394	0.7590356
0.0	0.045859843	0.9936683	0.51976407
0.0	0.4722474	0.93208396	0.70216566
1.0	0.9920874	0.9844414	0.98826444
0.0	0.10625902	0.80849355	0.4573763
0.0	0.024334043	0.020212203	0.022273123
0.0	0.111664295	0.20091286	0.15628858
0.0	0.9919282	0.9833056	0.9876169
0.0	0.0002709329	0.55702025	0.27864558
0.0	0.9963493	0.9895427	0.992946
0.0	0.2749979	0.00016236305	0.13758013
0.0	0.002909243	0.08253071	0.042719975
0.0	0.0011869073	0.7906273	0.3959071
0.0	2.3881523e-05	0.008451819	0.0042378507
0.0	0.9965846	0.99063194	0.99360824
0.0	0.4690276	0.00844726	0.23873743
0.0	0.93561345	0.018863589	0.47723854
0.0	0.9736427	0.99933517	0.98648894
0.0	0.99812484	0.99994177	0.99903333
0.0	0.9781927	0.99780977	0.9880012
0.0	0.9748322	0.99781156	0.98632187
0.0	0.88420486	0.99885494	0.94152987
0.0	0.0024906397	0.65806544	0.33027804
0.0	0.012627214	0.09073016	0.051678687
0.0	0.04876113	0.15476519	0.10176316
0.0	0.109921575	0.16103014	0.13547586
1.0	0.95864177	0.9753175	0.9669796
0.0	0.00010676349	0.04543546	0.02277111
1.0	0.90874135	0.9908085	0.9497749
1.0	0.9198502	0.97542655	0.9476384
0.0	0.98122627	0.9906808	0.98595357
0.0	0.96091163	0.9905257	0.9757187
0.0	0.30500814	0.48439792	0.39470303
0.0	0.07442534	0.37754974	0.22598754
0.0	0.06030014	0.10641882	0.08335948
0.0	0.003307104	0.00063440204	0.001970753
0.0	0.0043543875	0.00034093857	0.002347663
0.0	0.9987738	0.85927767	0.92902577
0.0	0.0007041693	0.007950604	0.0043273866
0.0	1.9515356e-07	0.0031738877	0.0015870414
0.0	3.827935e-05	0.09406981	0.047054045
1.0	0.98052275	0.97427046	0.9773966
0.0	0.26824868	0.93382406	0.60103637
0.0	0.9952073	0.99577105	0.9954892
0.0	0.02172339	0.3929234	0.2073234
0.0	0.99772435	0.9676918	0.9827081
1.0	0.99891907	0.999614	0.9992665
0.0	0.92954934	0.99663866	0.963094
0.0	0.002243042	0.995519	0.498881
0.0	0.97468036	0.9890223	0.98185134
0.0	0.73123085	0.99162775	0.86142933
0.0	0.9897754	0.97642577	0.9831006
0.0	0.34762627	0.99876547	0.67319584
0.0	0.3914892	0.9479339	0.6697116
0.0	1.4183028e-05	0.09558377	0.047798976
0.0	0.0023962557	0.0042829514	0.0033396035
0.0	0.012218177	0.736829	0.37452358
1.0	0.9876988	0.9780388	0.9828688
1.0	0.99912703	0.99806404	0.99859554
0.0	0.8573874	0.9536526	0.90552
0.0	0.6887189	0.10129142	0.39500517
0.0	0.00443846	0.23780978	0.12112412
0.0	0.59853697	0.8553371	0.72693706
0.0	0.0012252927	0.007299781	0.0042625368
0.0	0.0018920302	0.9263026	0.46409732
0.0	0.14341876	0.49709028	0.3202545
0.0	0.0022434592	0.0006708503	0.0014571548
0.0	0.16931075	0.8805685	0.52493966
0.0	0.003024131	0.024633974	0.013829052
0.0	0.13880596	0.5827406	0.36077327
0.0	0.9739041	0.8159397	0.8949219
1.0	0.99496496	0.82057726	0.9077711
1.0	0.99786985	0.995962	0.99691594
0.0	0.16560856	0.028024942	0.09681675
1.0	0.99964225	0.93511814	0.96738017
0.0	0.0046391487	0.48867995	0.24665955
0.0	0.9943764	0.8595316	0.92695403
0.0	0.2388727	0.13087565	0.18487418
0.0	0.00541839	0.79125214	0.39833528
1.0	0.9978683	0.9985523	0.9982103
1.0	0.8785023	0.950923	0.91471267
0.0	4.7898866e-05	0.15598881	0.07801835
0.0	0.9972585	0.96465683	0.9809576
0.0	0.48032922	0.4770354	0.4786823
0.0	0.9213139	0.124871284	0.52309257
0.0	0.9771439	0.97972274	0.9784333
0.0	0.99379253	0.9646776	0.97923505
0.0	0.8167522	0.42691588	0.62183404
0.0	0.49172217	0.9641826	0.72795236
0.0	0.9949007	0.99800706	0.9964539
0.0	0.5957945	0.10976717	0.35278082
0.0	0.00227499	0.0052367747	0.0037558824
0.0	0.00019672513	0.07044563	0.035321176
0.0	0.09720504	6.995413e-05	0.0486375
0.0	0.0060299933	0.08677122	0.046400607
0.0	2.9012272e-08	0.058184892	0.02909246
0.0	0.00026845932	0.026951015	0.013609737
1.0	0.99562633	0.985078	0.99035215
0.0	0.00079116225	0.08562976	0.04321046
0.0	0.8710624	0.0660671	0.46856475
0.0	0.00040599704	0.028331399	0.014368698
0.0	0.68811655	0.9968037	0.84246016
0.0	0.4076831	0.48681173	0.44724742
0.0	0.34589583	0.17272839	0.2593121
1.0	0.9996315	0.98189473	0.9907631
0.0	0.9959143	0.1496531	0.5727837
0.0	0.99748397	0.9977648	0.9976244
0.0	0.927129	0.9786895	0.95290923
0.0	0.037053168	0.9436347	0.49034393
0.0	3.04112e-05	0.00066688657	0.00034864887
0.0	0.96655947	0.996471	0.9815152
0.0	0.7058156	0.1306285	0.41822207
0.0	0.9084673	0.99474037	0.95160383
0.0	0.21087518	0.93502975	0.57295245
0.0	0.98997694	0.94850564	0.96924126
0.0	0.99728036	0.9165491	0.9569147
1.0	0.9847727	0.99552906	0.99015087
0.0	0.6784944	0.021390587	0.3499425
0.0	0.06511229	0.8680556	0.46658394
0.0	0.1679368	0.7259771	0.44695696
0.0	0.97912467	0.26585335	0.622489
0.0	0.90846777	0.9824476	0.9454577
0.0	0.99442846	0.99857926	0.99650383
0.0	0.80585766	0.9844674	0.8951625
0.0	0.059114814	0.77082443	0.41496962
0.0	0.41277808	0.9894432	0.7011106
0.0	0.34792212	0.8503373	0.59912974
0.0	0.35707575	0.88442105	0.6207484
0.0	0.9710996	0.9992683	0.98518395
0.0	0.99079347	0.94705284	0.96892315
0.0	0.7848126	0.30942285	0.5471177
1.0	0.9485055	0.99288005	0.97069275
0.0	2.2471937e-05	0.0013313591	0.0006769155
0.0	0.99658483	0.99441445	0.9954996
0.0	0.04275009	0.043863	0.043306544
0.0	0.1348679	0.8312889	0.4830784
0.0	0.0070100725	0.26257336	0.13479172
0.0	0.9949335	0.99863255	0.996783
1.0	0.98343265	0.9969007	0.99016666
0.0	2.474057e-05	0.094142705	0.047083724
0.0	0.99399555	0.9766572	0.9853264
1.0	0.9923835	0.994818	0.9936007
0.0	0.059999883	0.08489466	0.07244727
0.0	0.99809545	0.85085416	0.92447484
0.0	0.014086723	0.012550622	0.013318673
0.0	0.995057	0.99893504	0.99699605
0.0	0.0039833784	0.009132713	0.0065580457
0.0	0.0029362142	0.19306082	0.097998515
0.0	0.030351758	0.97961515	0.5049834
0.0	0.96471846	0.018008739	0.49136358
0.0	0.060358107	0.99080646	0.5255823
0.0	0.0005553067	0.004614353	0.00258483
0.0	5.8479445e-06	0.28911218	0.14455901
0.0	0.057535857	0.35632294	0.2069294
0.0	0.0010510385	0.00018849969	0.0006197691
1.0	0.9938066	0.96270657	0.9782566
0.0	0.703061	0.8773893	0.79022515
0.0	0.9091696	0.018010736	0.46359017
0.0	0.008761406	0.0021169186	0.0054391623
0.0	3.9392507e-06	0.0037656426	0.001884791
0.0	0.8292145	0.08856794	0.4588912
0.0	0.98195684	0.99697125	0.98946404
0.0	0.810645	0.81451726	0.8125811
0.0	0.06121233	0.013632506	0.03742242
0.0	0.999133	0.9920019	0.99556744
0.0	0.99249816	0.78808546	0.8902918
0.0	1.1856897e-05	0.76270264	0.38135725
0.0	0.35291827	0.8822328	0.6175755
0.0	0.006142527	0.024130702	0.015136614
1.0	0.9996635	0.97683585	0.98824966
1.0	0.34289545	0.95177746	0.6473365
0.0	0.6962202	0.49637744	0.5962988
0.0	0.8155362	0.98148847	0.89851236
0.0	0.7922257	0.8419589	0.8170923
0.0	0.96660227	0.97865975	0.972631
0.0	0.017890334	0.8090397	0.41346502
0.0	0.21745238	0.8268091	0.5221307
1.0	0.9996691	0.9956435	0.9976563
0.0	0.96786106	0.99346256	0.9806618
0.0	0.46280682	0.982569	0.7226879
0.0	0.0061872303	0.9508052	0.4784962
0.0	0.1727098	0.20997864	0.19134422
1.0	0.021812886	0.02270636	0.022259623
0.0	0.9964998	0.9021243	0.94931203
0.0	0.0038306117	0.8360951	0.41996285
0.0	0.9110973	0.1694113	0.5402543
0.0	5.0234503e-05	0.00023087859	0.00014055654
0.0	8.3652134e-07	0.10698557	0.0534932
0.0	0.009239346	0.1504918	0.079865575
0.0	0.00025886297	0.2940161	0.14713748
0.0	0.98221385	0.2264143	0.6043141
0.0	0.0024078786	0.0007660687	0.0015869737
0.0	0.9845865	0.9906064	0.98759645
0.0	0.037820876	0.4592663	0.24854359
0.0	0.000654757	0.7178498	0.35925227
0.0	0.35804552	0.04033965	0.19919258
1.0	0.9339218	0.99536777	0.9646448
0.0	0.91442066	0.99719715	0.9558089
0.0	0.04250267	0.013946086	0.028224379
1.0	0.9439414	0.9819889	0.96296513
0.0	0.9626587	0.95533514	0.9589969
1.0	0.93195796	0.87041306	0.9011855
0.0	0.8486278	0.911469	0.8800484
0.0	0.999153	0.97093713	0.9850451
0.0	0.010347813	0.9473617	0.47885478
0.0	0.00010187171	0.00013396144	0.00011791657
0.0	0.00020554662	0.0008164942	0.0005110204
1.0	0.9996214	0.95065236	0.9751369
0.0	0.3714194	0.07341516	0.22241728
0.0	0.8442886	0.94483817	0.8945634
0.0	0.74188596	0.20020911	0.47104752
0.0	0.9981201	0.9901875	0.99415386
0.0	0.99887675	0.8106712	0.90477395
0.0	0.005534798	0.9263252	0.46592999
0.0	0.91629076	0.9459884	0.9311396
0.0	0.008962542	0.83966124	0.42431188
0.0	0.9908	0.9903735	0.99058676
0.0	0.0004505515	0.3161915	0.15832102
0.0	0.98873174	0.9902432	0.98948747
0.0	0.9962045	0.9574877	0.9768461
0.0	0.0002591908	0.017263532	0.008761361
0.0	0.060464352	0.9059466	0.4832055
0.0	0.014324069	0.9079708	0.46114743
0.0	0.0005261004	0.9975513	0.4990387
0.0	0.07776159	0.04416731	0.06096445
0.0	0.045693994	0.027775288	0.03673464
1.0	0.87287617	0.99944866	0.9361624
0.0	0.9047234	0.047639072	0.47618124
0.0	0.00043588877	0.926686	0.46356094
0.0	3.27005e-05	0.3714924	0.18576254
0.0	0.9983414	0.98048246	0.98941195
0.0	0.9918591	0.9872202	0.9895396
0.0	0.00813511	0.9935336	0.50083435
0.0	0.99145997	0.9941683	0.9928141
0.0	0.049962968	0.2375946	0.14377879
1.0	0.97177935	0.9997688	0.98577404
0.0	0.86382544	0.9886097	0.92621756
0.0	0.103804976	0.52788603	0.3158455
0.0	0.009112358	0.0035781562	0.006345257
1.0	0.9995414	0.9828191	0.99118024
0.0	0.9965433	0.99601567	0.9962795
0.0	0.97162175	0.14791155	0.55976665
0.0	0.9982555	0.94085205	0.96955377
0.0	0.99020016	0.9918288	0.9910145
0.0	0.9439537	0.99529064	0.96962214
1.0	0.9990687	0.9995452	0.9993069
0.0	0.90051025	0.12899104	0.51475066
0.0	0.7779479	0.99085426	0.8844011
0.0	0.99957144	0.999527	0.9995492
1.0	0.9964082	0.99559784	0.99600303
0.0	0.079663426	0.7045014	0.3920824
0.0	0.005933553	0.92700523	0.4664694
0.0	0.8435484	0.46035978	0.6519541
1.0	0.99534845	0.99022996	0.9927892
0.0	0.98806787	0.9824809	0.9852744
0.0	0.9693398	0.95990753	0.9646237
0.0	0.98760176	0.80777705	0.8976894
0.0	0.962804	0.9656323	0.96421814
0.0	0.6734937	0.99335325	0.8334235
0.0	0.9837506	0.94650674	0.96512866
0.0	0.9955487	0.9565038	0.9760263
1.0	0.9939975	0.9998369	0.99691725
0.0	0.012023091	0.036603063	0.024313077
0.0	0.9609795	0.97432274	0.9676511
