label	rf_blosum	rf_aaindex	aaindex_max2	aaindex_max3	aaindex_max4	aaindex_max10	aaindex_max50
0	0.83	0.88	0.5497663014689526	0.5574182076618457	0.5377488090597133	0.6396299841867306	0.82
0	0.12	0.53	0.08911534215735972	0.08919799070966744	0.08825095787962217	0.2730531286374837	0.49
0	0.11	0.105	0.09117866067214768	0.08737644102366547	0.07917697835841991	0.06818071426870373	0.16
0	0.23	0.41	0.08911534215735972	0.08919799070966744	0.08839381543572804	0.2068770327222582	0.53
0	0.88	0.87	0.3437971655518603	0.3627855346529186	0.4777629728959323	0.8255591823725794	0.86
0	0.22	0.49333333333333335	0.09198382250614541	0.11053272785640654	0.12983948352136276	0.37015969360921924	0.5733333333333334
0	0.99	0.93	0.34168015808675156	0.35624292554741727	0.46436335293653125	0.9474344490451212	0.89
0	0.1	0.3	0.09198382250614541	0.11053272785640654	0.12983948352136276	0.35748780342700065	0.25
0	0.12	0.08	0.08911534215735972	0.08919799070966744	0.08080033601039563	0.06798692875926761	0.12
0	0.26	0.5433333333333333	0.08881244532720894	0.08737644102366547	0.08677045778375231	0.18338713063361337	0.48
0	0.25	0.2	0.10115989405430353	0.10037682819580489	0.09530859985021385	0.12679653350833062	0.24
0	0.25	0.19	0.10887681025483427	0.10820117047041389	0.10075725569885442	0.1892051387874178	0.3
0	0.23	0.25	0.09080592474311473	0.09076485204403728	0.09108224927266702	0.1198229085085811	0.31
0	0.13	0.20800000000000002	0.08774467353629209	0.08659921839963353	0.07755252783541093	0.07092851766639814	0.2175
0	0.08	0.04	0.10912363455875852	0.1073411904480859	0.09884730081941956	0.13878196764526435	0.07
0	0.3	0.5	0.3125406312431587	0.2751135597538604	0.25694333045224665	0.45271610255800193	0.4975
0	0.11	0.21	0.09080592474311473	0.08914336251281166	0.09108224927266702	0.11375921002253069	0.17
0	0.14	0.11	0.09080592474311473	0.09063246662903442	0.09210646812253025	0.12138621169974621	0.18
0	0.16	0.15	0.08944636626188386	0.08733983493214731	0.08667827804677243	0.09797601172643512	0.06
0	0.61	0.65	0.3955887622083731	0.4145836334203167	0.4581832991119925	0.5291879094660523	0.71
0	0.93	0.87	0.6247537188208399	0.6146143638673348	0.6823215844864543	0.8041288706467833	0.78
0	0.44333333333333336	0.5233333333333333	0.31380832878342424	0.2736437477922471	0.27077405167831253	0.5414227320470759	0.5641666666666666
1	0.15	0.24	0.09080592474311473	0.09146871443285107	0.09108224927266702	0.11916958139094808	0.26
0	0.73	0.8083333333333335	0.31101771604276074	0.273687787608084	0.2693135180454272	0.594130027032352	0.7583333333333333
0	0.17	0.31666666666666665	0.08774467353629209	0.08659921839963353	0.0765283089855477	0.06788250450992198	0.47
0	0.62	0.67	0.555622954593613	0.5634209762081391	0.5778236915677974	0.616872117778486	0.73
0	0.92	0.86	0.5504865123888993	0.552298891808059	0.5673441796114068	0.6076249677937985	0.91
0	0.23	0.41	0.08774467353629209	0.08659921839963353	0.0765283089855477	0.09054437069392528	0.392
0	0.79	0.83	0.3769612525083147	0.33836226634390676	0.36025036348199146	0.7826218297636548	0.81
0	0.91	0.84	0.22712277179298263	0.2558222114158982	0.2600968815127971	0.6157318922873898	0.934
0	0.39	0.53	0.09937828493552285	0.09212425853545715	0.09120050922155908	0.24153541238119097	0.54
0	0.49	0.3	0.09574841699905239	0.09212425853545715	0.09017629037169586	0.1169301128173033	0.42
0	0.15	0.3	0.08774467353629209	0.08659921839963353	0.0765283089855477	0.05145617865974555	0.33
1	0.99	0.97	0.5485605107396244	0.5552106848418028	0.6591048065277282	0.9094174115470259	0.98
0	0.03	0.32	0.09091605071522857	0.09017939571345028	0.09884757529405862	0.2180383552153743	0.41
0	0.14	0.31	0.08774467353629209	0.08659921839963353	0.0765283089855477	0.060571374539879576	0.36
0	0.9	0.83	0.44160943872552477	0.46093275008707196	0.6374689953708337	0.8627492182987452	0.77
0	0.03	0.09	0.10222880897046974	0.10080748757561768	0.0997333677677897	0.12190127198056219	0.04
0	0.15	0.34	0.08774467353629209	0.08659921839963353	0.0765283089855477	0.05555843546806088	0.39
0	0.05666666666666667	0.08	0.08944636626188386	0.08733983493214731	0.08667827804677243	0.09671872953378215	0.07166666666666666
0	0.91	0.94	0.4472646111393179	0.46377908297355175	0.6428871259260472	0.9427366562949686	0.91
0	0.92	0.92	0.4472646111393179	0.46093275008707196	0.645818011178977	0.9031283558997116	0.93
0	0.16	0.16	0.10287086443836492	0.10080748757561768	0.09973303684899122	0.12092608080707304	0.11
0	0.1	0.17	0.10315005700808103	0.10080748757561768	0.0997333677677897	0.1224001934354404	0.16
0	0.04	0.05	0.08798154609280977	0.08836112588020618	0.08250714525674492	0.0439578284739298	0.06
0	0.4620000000000001	0.4725	0.08944636626188386	0.08733983493214731	0.08667827804677243	0.10961131380805954	0.45833333333333337
0	0.06	0.06	0.08798154609280977	0.08836112588020618	0.08250714525674492	0.041986842752420414	0.02
0	0.41	0.35	0.5588323334422227	0.5669478563935609	0.5660458064244568	0.6406474906467515	0.31
1	0.76	0.77	0.5554306568993972	0.5584445730849431	0.5747724728775155	0.5853565047000608	0.65
0	0.26	0.17	0.09080592474311473	0.09125579558932782	0.09108224927266702	0.10957886429620953	0.22
0	0.29	0.37	0.5554306568993972	0.559736961563291	0.5738226064810774	0.5740860140989884	0.23
1	0.94	0.94	0.6194242918815153	0.6165225035238091	0.6757875922942354	0.8004317323167652	0.89
1	0.33	0.22	0.15612378237511298	0.1916847337276416	0.20744450829986721	0.13350465617244833	0.25
0	0.15	0.12	0.10074095665143863	0.09938099062737273	0.09822738840782684	0.11163527188097777	0.12
0	0.07	0.18	0.10170279209682938	0.10121067607322386	0.09884730081941956	0.13682698952706013	0.18
0	0.11	0.27	0.08764168380636411	0.088503662399091	0.08335974544922788	0.10133002447260447	0.37
0	0.77	0.83	0.09174161642513003	0.10468812907628747	0.11377533570351953	0.334740225472106	0.85
0	0.07	0.07285714285714286	0.08944636626188386	0.08733983493214731	0.08667827804677243	0.11253137936694899	0.04
0	0.19	0.41	0.08774467353629209	0.08659921839963353	0.07780703383787749	0.08473878253549838	0.44
1	0.78	0.78	0.21933604931555198	0.1743245534158688	0.17834746598622583	0.37346570406815727	0.75
0	0.71	0.8	0.2571205845988141	0.26869754452455524	0.2641943943620287	0.3818020996833569	0.72
0	0.29	0.43	0.08774467353629209	0.08659921839963353	0.07780703383787749	0.07999064252681144	0.54
0	0.2	0.36	0.08774467353629209	0.08659921839963353	0.07780703383787749	0.08406354626851613	0.395
0	0.1	0.12	0.09574841699905239	0.09212425853545715	0.09017629037169586	0.11087412347673949	0.13
1	0.64	0.81	0.08764168380636411	0.088503662399091	0.08335974544922788	0.14035750329954932	0.81
0	0.19	0.24	0.08774467353629209	0.08659921839963353	0.07780703383787749	0.07938742235284434	0.23
0	0.315	0.39	0.08774467353629209	0.08659921839963353	0.07780703383787749	0.07763318905009581	0.41
0	0.04	0.16	0.08944636626188386	0.08733983493214731	0.08667827804677243	0.09420678013630698	0.1
0	0.26	0.17	0.08944636626188386	0.08733983493214731	0.08667827804677243	0.12124152009288638	0.16
1	0.73	0.72	0.08944636626188386	0.08733983493214731	0.08667827804677243	0.1618704226252211	0.76
0	0.73	0.72	0.15917054320903862	0.19930368094870446	0.21757018624075328	0.30373457840763235	0.82
0	0.11	0.13	0.08764168380636411	0.09082901431913042	0.08475462846555509	0.19383482817857597	0.26
0	0.56	0.74	0.08764168380636411	0.09061609547560717	0.08335974544922788	0.21366346503924152	0.68
0	0.98	0.94	0.34509533993742425	0.3779870116272975	0.5114888482384683	0.9523536344923588	0.91
0	0.15	0.11	0.08911534215735972	0.08919799070966744	0.08080033601039563	0.06923650807877317	0.08
0	0.98	0.95	0.3469685427307968	0.37446334174878887	0.5135298757201594	0.9695657315221768	0.93
0	0.86	0.85	0.3403158910999515	0.35624292554741727	0.468699288946326	0.8796852563813112	0.83
0	0.91	0.95	0.3437971655518603	0.3662158577199448	0.4810771079203115	0.9276991551875615	0.9
1	0.99	0.97	0.3469685427307968	0.37905116063849453	0.5163871299251646	0.9335454862415454	0.98
0	0.04	0.08666666666666666	0.08911534215735972	0.08919799070966744	0.08080033601039563	0.06670795270563074	0.08
0	0.13	0.45	0.08911534215735972	0.08919799070966744	0.08825095787962217	0.2569280566991461	0.52
0	0.235	0.42	0.08774467353629209	0.08659921839963353	0.07780703383787749	0.08436104069650177	0.38666666666666666
0	0.85	0.85	0.4006238089675876	0.41066432978016915	0.47333137008173476	0.5343751367858272	0.83
0	0.03	0.08583333333333332	0.08944636626188386	0.08733983493214731	0.08667827804677243	0.09919234572106347	0.11
0	0.24	0.36	0.08774467353629209	0.08659921839963353	0.07780703383787749	0.07011678387147384	0.49
0	0.81	0.799	0.09261774344082033	0.09826483887944835	0.10809388762217173	0.22603132871964757	0.77
0	0.17	0.305	0.08944636626188386	0.09082366919085277	0.09172263408316557	0.1541173823727534	0.29
1	0.93	0.86	0.6179886334892131	0.6189435476446059	0.6694320074697684	0.7724964594943063	0.87
0	0.54	0.48	0.6122130818329776	0.6079657855796412	0.6419798196513996	0.609786245813216	0.54
0	0.37	0.3	0.08911534215735972	0.08919799070966744	0.09389932613259765	0.11138950938976938	0.47
0	0.06	0.035	0.08764168380636411	0.0875055018281588	0.08233552659936468	0.04309887345990608	0.02
1	0.83	0.79	0.08944636626188386	0.08733983493214731	0.08667827804677243	0.10012227379479897	0.74
0	0.17	0.365	0.08944636626188386	0.09082366919085277	0.09172263408316557	0.1295870512813638	0.33
0	0.4066666666666666	0.4524999999999999	0.09307623419835431	0.08733983493214731	0.08770249689663565	0.2327324757778588	0.57
0	0.75	0.84	0.09261774344082033	0.09826483887944835	0.10582583834726139	0.22441432488716348	0.82
0	0.15	0.09	0.08764168380636411	0.0888489666576171	0.08373040961569188	0.05029953531192664	0.05
0	0.20666666666666667	0.42	0.08774467353629209	0.08659921839963353	0.07780703383787749	0.08191651146445812	0.3725
0	0.2978333333333334	0.375	0.08944636626188386	0.08733983493214731	0.08667827804677243	0.12137832391516826	0.37
1	0.61	0.79	0.08764168380636411	0.08899460594438155	0.08335974544922788	0.11076245170186126	0.82
0	0.3	0.48	0.08764168380636411	0.088503662399091	0.08335974544922788	0.11673896864131514	0.51
0	0.21	0.36	0.08944636626188386	0.09082366919085277	0.09172263408316557	0.1557183212153321	0.3225
0	0.09	0.2	0.08944636626188386	0.08733983493214731	0.08667827804677243	0.10146854620437816	0.235
0	0.33399999999999996	0.493	0.09307623419835431	0.08733983493214731	0.08770249689663565	0.26662880800221433	0.5
0	0.07	0.08	0.08774467353629209	0.08659921839963353	0.07678281498801427	0.035296810213495435	0.19
0	0.25	0.36	0.08774467353629209	0.08659921839963353	0.07780703383787749	0.07376847610378341	0.33
0	0.36	0.48	0.08764168380636411	0.08899460594438155	0.08335974544922788	0.11010493768097981	0.39333333333333337
0	0.36	0.39	0.08774467353629209	0.08659921839963353	0.07780703383787749	0.13917745952078903	0.455
0	0.17	0.33	0.08774467353629209	0.08659921839963353	0.07780703383787749	0.10665726131007852	0.32
0	0.79	0.64	0.4017632605258733	0.4138607223995398	0.468486385477988	0.6127689830603029	0.75
0	0.59	0.5966666666666667	0.31246413826516856	0.27174616759332265	0.26795209438855694	0.4797226096875671	0.6583333333333334
0	0.6432142857142857	0.451	0.30714190280947945	0.27272146352385723	0.2636294890330217	0.4922074575141599	0.4355
1	0.85	0.8	0.555176659474226	0.5633771049161796	0.5740843347500763	0.6277753484126495	0.86
1	0.94	0.9	0.5587319346412538	0.5604487918509005	0.5738679312999586	0.6494129306631486	0.89
0	0.5386666666666666	0.58	0.30879555236885037	0.2748723902159784	0.271014957815232	0.5325999247287946	0.6933333333333332
0	0.21	0.27	0.5347733048751612	0.5375802824185993	0.5285900059545853	0.5053311117658495	0.22
1	0.99	0.9075	0.5367866605826027	0.5313676535401759	0.5208956986772073	0.5970515451818019	0.89
1	1.0	0.95	0.5587006192848025	0.5543038386758421	0.5572209004153925	0.6375213084757348	0.97
0	0.16	0.17	0.09080592474311473	0.09097777088756052	0.09108224927266702	0.1092619678916838	0.18
0	0.79	0.8	0.5447445173508403	0.5473816910989585	0.5452870481349543	0.5504807388928703	0.79
0	0.7248809523809524	0.462	0.3043047830452567	0.27490705429850876	0.259345419503146	0.4682900087150965	0.45
0	0.5333333333333333	0.6725	0.30912515187185413	0.2747255628872603	0.26689783447946175	0.571813055074092	0.66
0	0.25	0.18	0.6116250348209951	0.6130874735753459	0.6442836573818989	0.4514445274189511	0.18
0	0.61	0.57	0.6142168691477107	0.6159474372211488	0.6562706406263594	0.6314663225696672	0.59
0	0.14	0.14	0.08857023924619355	0.08733983493214731	0.08546927119043204	0.05148588215730224	0.1
0	0.98	0.93	0.3733313845718442	0.3359244163831521	0.36060372361658577	0.8175244477057407	0.92
1	0.23	0.12933333333333333	0.15763756638194415	0.18817914190268212	0.21091628671017557	0.11954902818926269	0.285
0	0.09	0.16	0.09891979417798887	0.1023609328160944	0.11882156469823307	0.23599974266121415	0.07
0	0.92	0.89	0.3751523476320927	0.33590483163754137	0.3505925824756739	0.8187064043054562	0.9
0	0.74	0.83	0.550433713532997	0.5521487231130867	0.6458916983037711	0.7788294875398898	0.84
0	0.22	0.335	0.08944636626188386	0.09082366919085277	0.09172263408316557	0.13032014133286268	0.28
0	0.3	0.35	0.08774467353629209	0.08659921839963353	0.07780703383787749	0.08816266272396904	0.33
0	0.88	0.89	0.08774467353629209	0.08659921839963353	0.07678281498801427	0.117627169022928	0.86
0	0.78	0.86	0.550433713532997	0.5521487231130867	0.6500864152046334	0.8303493207331953	0.76
0	0.93	0.92	0.4472646111393179	0.4623505115449803	0.6371677180974382	0.9350469181336105	0.87
0	0.09	0.06	0.08911534215735972	0.08919799070966744	0.08080033601039563	0.07100749580395752	0.08
1	0.92	0.9	0.34168015808675156	0.3532169515214432	0.4593513068967958	0.8986669884109346	0.92
0	0.29	0.6183333333333334	0.09198382250614541	0.11053272785640654	0.12983948352136276	0.3968266076151771	0.6875
1	0.85	0.78	0.08911534215735972	0.08919799070966744	0.08080033601039563	0.08741221596795792	0.84
0	0.265	0.53	0.08911534215735972	0.08919799070966744	0.08839381543572804	0.22338456056680894	0.57
0	0.95	0.95	0.44618801539463704	0.46093275008707196	0.6304341952493563	0.9746283663366561	0.93
0	0.535	0.5225	0.31587775216646674	0.2731090173949803	0.2728937313550788	0.5748033060335128	0.54
0	0.6603571428571428	0.595	0.30940797618408233	0.2698668425000237	0.2638287926364913	0.4715061330693051	0.5
0	0.34	0.36	0.5228357556272477	0.5251910133336191	0.4982488787366848	0.42180407745802156	0.34
0	0.62	0.55	0.5455660893297406	0.5521782492341555	0.5360912019280236	0.49312129202356936	0.51
0	0.43	0.75	0.5415012810182995	0.5385497302450858	0.5385396516113443	0.5331928379942483	0.68
1	0.54	0.54	0.5440503589706035	0.553081380618091	0.5470208108788043	0.561941415851769	0.61
0	0.9	0.91	0.40117661862859494	0.41403585777516677	0.47927250315396547	0.730801056050985	0.95
1	0.13	0.17	0.5490048985550662	0.5541890451432436	0.5552825195870772	0.44406244003836826	0.08
1	0.83	0.83	0.5455034787515792	0.5539882619029306	0.5606002148680899	0.5749540694876424	0.8
0	0.02	0.044000000000000004	0.08798154609280977	0.08836112588020618	0.08250714525674492	0.047925182651705554	0.0
0	0.19	0.35	0.08774467353629209	0.08659921839963353	0.07780703383787749	0.10296338049967418	0.3
0	0.33833333333333326	0.57	0.3115606908592351	0.2713708350314128	0.2621052737781001	0.5098607051902952	0.5733333333333333
0	0.92	0.76	0.40392594058962783	0.41292227839379686	0.47143706581098127	0.7656542280145564	0.86
1	0.8075	0.68	0.2595778416214707	0.27026032230949015	0.2697338420780168	0.37663977177726926	0.695
1	0.96	0.92	0.25974637848001286	0.2768401946357355	0.27153267560195965	0.47645042929516956	0.94
0	0.74	0.68	0.22879999973174786	0.25582368468162836	0.2602436597965298	0.5623847768446684	0.63
0	0.91	0.86	0.23008248211858523	0.25595464727281764	0.26582829427215365	0.6394344009531097	0.92
0	0.1	0.12	0.10404333902714184	0.10004150314089304	0.09844547680768696	0.14654291495425345	0.11
0	0.25	0.21	0.10308150358175108	0.10004150314089304	0.09750702219599772	0.13596459846134212	0.11
0	0.45	0.15	0.1057680075262632	0.10004150314089304	0.10068342356587046	0.14582318772024072	0.24
0	0.15	0.31	0.08774467353629209	0.08659921839963353	0.07678281498801427	0.06289363769253073	0.29
0	0.11	0.28	0.08774467353629209	0.08659921839963353	0.07678281498801427	0.061400081240225265	0.29
0	0.11	0.33	0.08774467353629209	0.08659921839963353	0.07678281498801427	0.0511924483372761	0.34
1	0.39	0.27	0.09080592474311473	0.09146871443285107	0.09108224927266702	0.11752957080677433	0.37
0	0.174	0.17	0.08944636626188386	0.08733983493214731	0.08667827804677243	0.09641574307230298	0.14
0	0.03	0.03	0.08798154609280977	0.08836112588020618	0.08250714525674492	0.04402073211927911	0.05
0	0.03	0.01	0.08798154609280977	0.09184496013891165	0.08755150129313805	0.053146938236598586	0.02
0	0.31	0.33	0.08774467353629209	0.08659921839963353	0.07780703383787749	0.11834090372801022	0.35
0	0.65	0.55	0.618704268181083	0.6116698131744611	0.6752585962957643	0.7168819333403087	0.62
0	0.88	0.9	0.09081306098530058	0.10177103872074214	0.11432623694404954	0.49809919883862647	0.88
0	0.77	0.74	0.09080592474311473	0.08914336251281166	0.09108224927266702	0.10634761596247232	0.65
0	0.9	0.93	0.34168015808675156	0.3532169515214432	0.4581525662664739	0.8920051864116612	0.87
0	0.11	0.53	0.08881244532720894	0.09728356547921005	0.11826510913666213	0.24687447950523908	0.54
0	0.07	0.12	0.09080592474311473	0.0896343060581022	0.09108224927266702	0.10407779340298186	0.17
0	0.25	0.36	0.08774467353629209	0.08659921839963353	0.07780703383787749	0.10188917982053329	0.32
1	0.97	0.93	0.6102336458536879	0.6103131892554403	0.6488410641948521	0.6766222739394556	0.81
1	0.95	0.98	0.6188877746339415	0.6149520318507946	0.6751148251499604	0.8006904319569753	0.96
0	0.13	0.13	0.10126697352507899	0.10073164398596346	0.09823830972579838	0.10152908159374113	0.19
1	1.0	1.0	0.4013903947672645	0.4067442101424741	0.4486536786092082	0.6317693074347173	0.98
0	0.2925	0.32	0.09307623419835431	0.08733983493214731	0.09114868700387131	0.25791452767411677	0.52
0	0.19	0.22	0.08774467353629209	0.08659921839963353	0.07780703383787749	0.06474083867506346	0.33
0	0.91	0.94	0.38152944996583266	0.34225857448665914	0.35635462438066384	0.8267887334446753	0.85
0	0.12	0.11	0.08944636626188386	0.08733983493214731	0.08667827804677243	0.0919591806103817	0.07
0	0.285	0.28	0.10681263408710728	0.09938099062737273	0.10206201106256595	0.1437159537375001	0.34
1	0.97	0.96	0.6179446441001626	0.6134980363457647	0.6766655642015528	0.7907099143729677	0.98
0	0.77	0.84	0.544960006506326	0.5246336775551401	0.6134124200085245	0.8344214140747782	0.74
0	0.5	0.65	0.5430868037129535	0.5246336775551401	0.6117279871789281	0.7575989900632186	0.67
0	0.94	0.83	0.6137493837262239	0.6139417168349239	0.6415129560655896	0.6890719036517116	0.86
0	0.09	0.05	0.08911534215735972	0.08919799070966744	0.08080033601039563	0.0674279556525848	0.06
0	0.37	0.5713333333333332	0.09198382250614541	0.11053272785640654	0.12983948352136276	0.3690901627410757	0.5266666666666666
0	0.28	0.4383333333333333	0.09198382250614541	0.11053272785640654	0.12983948352136276	0.3473489245668104	0.5466666666666667
0	0.39	0.5746666666666667	0.09198382250614541	0.11053272785640654	0.12983948352136276	0.4155480947130173	0.6075
0	0.0	0.02	0.08774467353629209	0.08659921839963353	0.07678281498801427	0.02874751785782031	0.01
0	0.11	0.11	0.08774467353629209	0.08659921839963353	0.07780703383787749	0.062244813581734934	0.12
1	0.97	0.98	0.550433713532997	0.5552106848418028	0.6406237275124604	0.9116706593016657	0.91
0	0.53	0.53	0.6202455380646213	0.6098784860444774	0.6705602074191269	0.6489336404221038	0.62
1	0.92	0.9	0.550433713532997	0.551505982835214	0.6343901409475162	0.8061302502702832	0.9
0	0.27	0.32	0.5355114737789389	0.5236617063849652	0.5188553528802644	0.39109226616068987	0.33
1	0.95	0.9	0.5733590207798357	0.5831035327825183	0.5873526419286926	0.714337267750375	0.89
0	0.1	0.24	0.5586715152284488	0.5661566983912624	0.5577799611162806	0.5636959444873948	0.14
0	0.24	0.19	0.09080592474311473	0.0896343060581022	0.09108224927266702	0.104704177238632	0.21
1	0.26	0.18	0.5542257735960272	0.553456956412865	0.5512287393668212	0.5360918583164982	0.25
0	0.89	0.95	0.4435453993166578	0.4622172381098201	0.6338175073271133	0.9508590348604982	0.92
0	0.86	0.91	0.4435453993166578	0.4623505115449803	0.626696141977457	0.9024570391118858	0.96
0	0.47733333333333333	0.56	0.31125175793925036	0.26925816184463774	0.26212553149737217	0.586871972424853	0.5695
0	0.45333333333333337	0.55	0.3134400382470032	0.2739476010311328	0.2642137604328099	0.5837740573527541	0.7316666666666666
0	0.07	0.25	0.08798154609280977	0.08836112588020618	0.08554487048197014	0.06390184917271974	0.24
0	0.72	0.69	0.622558436347617	0.6135727436646912	0.6863513306395884	0.6854637859530325	0.64
0	0.18	0.15	0.5272994701277043	0.5267370241686623	0.4951663866057161	0.33565417934540875	0.09
0	0.33333333333333326	0.51	0.3118723090239671	0.27515350806979916	0.2666577782135057	0.5826502850164401	0.49
0	0.222	0.32	0.08774467353629209	0.08659921839963353	0.07780703383787749	0.10570780861180797	0.31
0	0.67	0.78	0.09080592474311473	0.09076485204403728	0.09108224927266702	0.10951010286019605	0.7
0	0.17	0.12	0.10044488291283703	0.09964047209263036	0.0945986746282998	0.12550832789257	0.15
0	0.69	0.72	0.3972208729258766	0.4077767831164478	0.44422665534386063	0.47325732184525376	0.71
0	0.24	0.23	0.25974637848001286	0.2713808111636886	0.2554768351062508	0.2666479831326773	0.24
0	0.08	0.2	0.08857023924619355	0.08733983493214731	0.08546927119043204	0.07444203024354419	0.19
0	0.28	0.22	0.2595778416214707	0.27026032230949015	0.27058096617719063	0.27428376124550363	0.2053333333333333
0	0.27	0.245	0.25841712347308216	0.26943655016778323	0.26610421836026144	0.1931039043506722	0.23600000000000002
0	0.74	0.63	0.40127959651120376	0.4127910946746261	0.4677149808827096	0.5789776177204223	0.79
0	0.64	0.67	0.6180153876665041	0.6127238492049824	0.6459032705875822	0.6860104490575574	0.56
0	0.93	0.91	0.6310665453777137	0.61206303751528	0.6824803943006288	0.8196816913432259	0.93
0	0.87	0.69	0.6221914440640733	0.6163449621338882	0.6848487337741037	0.6080686592461081	0.66
0	0.27	0.26	0.6207515379593196	0.615102874171986	0.6895517909288484	0.49612434648678727	0.31
0	0.77	0.75	0.6252158042018143	0.6208970613537282	0.7074846460805309	0.8003716485822572	0.78
0	0.38	0.27	0.10681263408710728	0.09938099062737273	0.10323488890935684	0.13202659318264717	0.35
0	0.095	0.11	0.08774467353629209	0.08659921839963353	0.07780703383787749	0.06948617515939474	0.08
0	0.08	0.1	0.09574841699905239	0.09212425853545715	0.09017629037169586	0.1031599118048431	0.15
0	0.86	0.7	0.43827254230098006	0.43349182040707396	0.6202031796799148	0.8260567240038035	0.86
0	0.12	0.05	0.09574841699905239	0.09212425853545715	0.09017629037169586	0.10307197833221282	0.11
0	0.74	0.7	0.09574841699905239	0.09212425853545715	0.09017629037169586	0.11382579786248544	0.7366666666666666
0	0.12	0.325	0.08774467353629209	0.08659921839963353	0.07678281498801427	0.06352815362580605	0.31
0	0.88	0.85	0.3653161071555137	0.33209835884144184	0.3454052169781034	0.7912137835534584	0.81
0	0.01	0.04	0.08764168380636411	0.088503662399091	0.08335974544922788	0.09009967123431092	0.02
0	0.07	0.18	0.08774467353629209	0.08659921839963353	0.07780703383787749	0.06418760692855618	0.2
0	0.07	0.0675	0.08944636626188386	0.08733983493214731	0.08667827804677243	0.10111122216739918	0.05
0	0.03	0.07	0.08764168380636411	0.09012515193031662	0.08335974544922788	0.0785821526965386	0.08
0	0.32	0.135	0.08944636626188386	0.08733983493214731	0.08667827804677243	0.11151361787342778	0.12
0	0.51	0.51	0.09261774344082033	0.09826483887944835	0.10809388762217173	0.1373464989310993	0.525
1	1.0	0.97	0.4472646111393179	0.4622172381098201	0.6410598483471133	0.9631519830544027	1.0
0	0.18	0.28	0.09091605071522857	0.10008652016899484	0.10712413631390541	0.23183222601371678	0.22
0	0.29	0.36	0.08774467353629209	0.08659921839963353	0.0765283089855477	0.11863126786572403	0.34
0	0.19	0.22	0.10145596779290514	0.09938099062737273	0.09626576701973305	0.12185415861165354	0.19
1	0.61	0.54	0.5669613589237381	0.575912261613752	0.5789974403932532	0.6550312240368519	0.59
0	0.05	0.02	0.08911534215735972	0.08919799070966744	0.08080033601039563	0.06409305520223141	0.09
0	0.1	0.43	0.08911534215735972	0.08919799070966744	0.08839381543572804	0.21824270183065153	0.45
0	0.92	0.89	0.34168015808675156	0.3516551066577116	0.46715411761637154	0.9046473984847628	0.77
0	0.19	0.18	0.08774467353629209	0.08659921839963353	0.07755252783541093	0.06667386084738988	0.09
0	0.07	0.04	0.08774467353629209	0.08659921839963353	0.0765283089855477	0.03471667525921227	0.05
0	0.22	0.34	0.09137454147276255	0.08659921839963353	0.07755252783541093	0.11751541737689011	0.3
0	0.79	0.87	0.4472646111393179	0.46093275008707196	0.6324849538137172	0.8541974843367462	0.83
0	0.64	0.69	0.550433713532997	0.5542915802559438	0.6372225666828613	0.6503744198848121	0.77
0	0.23	0.21	0.09080592474311473	0.0896343060581022	0.09108224927266702	0.10258552326979307	0.22
0	0.19333333333333336	0.37	0.08774467353629209	0.08659921839963353	0.0765283089855477	0.08682593618328717	0.3475
0	0.69	0.66	0.40023616118587796	0.4109566026400861	0.4662071267477593	0.609575864935238	0.66
0	0.77	0.83	0.576718022289799	0.5732640247936583	0.5754752716347048	0.6204806705398316	0.84
0	0.76	0.74	0.09080592474311473	0.08914336251281166	0.09108224927266702	0.10981217801826905	0.71
0	0.81	0.78	0.6233180604285377	0.6172002276856814	0.6880420587485258	0.7288496447011171	0.81
0	0.21	0.16	0.5540114106171928	0.5518713843122324	0.5599029034326146	0.5211681183949348	0.19
0	0.44666666666666666	0.6183333333333334	0.3117492673871001	0.2745024382389574	0.2654799534901145	0.5251910822470958	0.48619047619047623
0	0.49666666666666665	0.5883333333333334	0.3111449364872346	0.27595627322208327	0.26896726405881244	0.527457733852903	0.49
0	1.0	1.0	0.5731716492359191	0.5732679093282101	0.5973358228981032	0.9165188654927949	1.0
0	0.49	0.37	0.5398802864531749	0.5324767538617047	0.5339783672504087	0.4963566656632732	0.45
0	0.73	0.83	0.6279493759317268	0.6238967563661568	0.6961834191970847	0.7573138907137633	0.78
0	0.96	0.93	0.2623102701136439	0.2814241051088743	0.28793455262108325	0.5092652107614473	0.88
0	0.2406666666666667	0.21666666666666667	0.2611495519652554	0.2724362451802118	0.2687457478007001	0.28543243402517665	0.22
1	0.87	0.88	0.09220010718266401	0.08733983493214731	0.08649349004029525	0.13733895036125188	0.87
1	0.96	0.99	0.6255638962428764	0.6190562992906978	0.6907294114330371	0.8805681938471072	0.96
0	0.1125	0.39333333333333337	0.09091605071522857	0.10394751254377368	0.10367443148413345	0.2236687135065633	0.3266666666666667
0	0.32	0.31	0.6239634561412748	0.6083764830108535	0.6813408273180278	0.512244834212622	0.34
0	0.91	0.93	0.3768699602914374	0.3391417151686664	0.36583626994346125	0.8450871057678334	0.94
0	0.87	0.7	0.5483303252564307	0.5269126921436436	0.6165247686899782	0.7494084019519225	0.71
0	0.065	0.05	0.08774467353629209	0.08659921839963353	0.07755252783541093	0.06757355398782348	0.08
0	1.0	1.0	0.4371959465562992	0.43809966354432883	0.6269728722666921	0.9534686315043868	1.0
0	0.04	0.03	0.08774467353629209	0.08659921839963353	0.0765283089855477	0.029241023184155623	0.03
0	0.91	0.98	0.44618801539463704	0.46093275008707196	0.6368568559032785	0.9211249823569919	0.93
0	0.42	0.43	0.09937828493552285	0.09212425853545715	0.09259539223788629	0.26835621484136274	0.57
0	0.19	0.12	0.10074095665143863	0.10004150314089304	0.09788501892040806	0.10791961841141044	0.14
0	0.08	0.22	0.09091605071522857	0.10008652016899484	0.10712413631390541	0.20621762558992093	0.28
0	0.83	0.75	0.544960006506326	0.523714572969281	0.6177605684970577	0.7403096509630211	0.76
0	0.96	0.98	0.4472646111393179	0.4607994766519118	0.6379255968453998	0.9618637625030243	0.96
0	0.16	0.37	0.08774467353629209	0.08659921839963353	0.0765283089855477	0.08297330796196965	0.26
0	0.67	0.64	0.09080592474311473	0.09112341017432497	0.09210646812253025	0.11028833097773776	0.69
0	0.38166666666666665	0.47	0.08774467353629209	0.08659921839963353	0.0765283089855477	0.044993397127947636	0.59
1	0.84	0.9	0.5714094293627279	0.5785590106100215	0.5815807808989037	0.6306595558977754	0.88
0	0.19	0.24	0.09574841699905239	0.09212425853545715	0.09017629037169586	0.11060478848160728	0.14
0	0.84	0.8	0.37657793124922073	0.34040675701872564	0.3539869368955562	0.7717037583297031	0.77
0	0.14	0.31	0.09091605071522857	0.10008652016899484	0.10712413631390541	0.22241225452971153	0.25
1	0.99	1.0	0.4472646111393179	0.4623505115449803	0.6449392014314883	0.9719632049991909	0.99
0	0.12	0.325	0.08774467353629209	0.08659921839963353	0.0765283089855477	0.07747181953127527	0.245
0	0.1	0.4	0.08774467353629209	0.09650634285517809	0.09584010312007483	0.22265638595521076	0.42
0	0.08	0.4	0.08774467353629209	0.09650634285517809	0.09584010312007483	0.21806867580250386	0.325
0	0.92	0.92	0.3779824124788572	0.3395718087027869	0.35675448983177505	0.8064150385820859	0.84
0	0.09	0.08	0.09080592474311473	0.08914336251281166	0.09108224927266702	0.10554611348033091	0.11
0	0.21	0.46	0.08774467353629209	0.08659921839963353	0.0765283089855477	0.07348390864764988	0.31666666666666665
0	0.36	0.2833333333333333	0.2609650229653549	0.27026032230949015	0.2621868218991818	0.26824236520362116	0.245
0	0.08	0.06	0.09574841699905239	0.09212425853545715	0.09017629037169586	0.11767448132683098	0.03
0	0.44	0.42	0.2623102701136439	0.27026032230949015	0.27528417370259034	0.354168783529268	0.38333333333333336
0	0.84	0.9	0.6160221764839325	0.6138730415463186	0.6705499513831888	0.7947012612127363	0.91
0	0.27	0.38	0.26762793393032763	0.27353177224548764	0.2669010030806287	0.3799606803761171	0.36
0	0.2	0.29	0.10681263408710728	0.09938099062737273	0.10129657955383056	0.14308386760650227	0.22
0	0.58	0.63	0.6128342817056166	0.6089234972292078	0.6523370094962742	0.6231490895276105	0.72
1	0.81	0.88	0.08911534215735972	0.09910511516521202	0.11988846678863783	0.3385688446173205	0.93
0	0.35	0.7066666666666666	0.09198382250614541	0.11053272785640654	0.12983948352136276	0.43325255633525445	0.7
0	0.12	0.24	0.08911534215735972	0.08919799070966744	0.08080033601039563	0.06802045312669125	0.12
0	0.11	0.08	0.08911534215735972	0.08919799070966744	0.08080033601039563	0.06735067244907399	0.09
0	0.19	0.63	0.08911534215735972	0.09910511516521202	0.11988846678863783	0.3381570714912216	0.7
0	0.15	0.51	0.08911534215735972	0.08919799070966744	0.08825095787962217	0.2550726023298972	0.58
0	0.68	0.68	0.6252023602281942	0.6171052904967154	0.6939923726388494	0.7321779384154005	0.72
0	0.3	0.21	0.09080592474311473	0.09097777088756052	0.09108224927266702	0.11844131302546822	0.16
1	0.91	0.91	0.4472646111393179	0.4607994766519118	0.6393703856730207	0.9092873060647259	0.91
0	0.74	0.67	0.6286254102431085	0.6119134880794794	0.6856580283731901	0.6773794792186473	0.62
0	0.27	0.23	0.4013903947672645	0.40886510797196995	0.453788453999992	0.32138210137576456	0.28
0	0.67	0.85	0.6225993016086584	0.6210466107895289	0.7068613625014202	0.7897341309502087	0.82
0	0.122	0.2046666666666667	0.08774467353629209	0.08659921839963353	0.07755252783541093	0.07000364259161126	0.29833333333333334
0	0.62	0.61	0.6256608156088906	0.6111603408092505	0.6695835533612275	0.599850874531951	0.58
0	0.23	0.27	0.618442043019152	0.6106705936204293	0.6841550589019425	0.49128303744282703	0.31
0	0.8	0.82	0.5354762811461847	0.5385827620289951	0.5335305534442881	0.5556876775163027	0.83
0	0.48	0.465	0.2989694544739338	0.26642704805715506	0.26246090306528286	0.45431940698955947	0.5155
0	0.7	0.75	0.5593501296546384	0.5636453877803101	0.5549777091215662	0.5913517298037173	0.82
0	0.5539999999999999	0.564	0.30874826279169393	0.2752535348779497	0.2602133298471211	0.578982412911701	0.68
0	0.85	0.81	0.5340066072340474	0.5302048305799926	0.5316004371619821	0.4862546288958594	0.78
0	0.1	0.19	0.09080592474311473	0.0896343060581022	0.09108224927266702	0.0987180807973783	0.13
0	0.32	0.32	0.5554347517756408	0.5609821410582576	0.5518409328714451	0.5279863097107015	0.34
0	0.05	0.135	0.08774467353629209	0.08659921839963353	0.07755252783541093	0.06260940057679269	0.13
0	0.46666666666666673	0.5228333333333333	0.2936182040436912	0.26187378857156424	0.25726328459288167	0.41129511831526977	0.49566666666666664
0	0.83	0.75	0.5467145017103369	0.5552106848418028	0.6390842241784952	0.8014176130384016	0.805
0	0.9216666666666665	0.8888095238095238	0.3185364831792032	0.2759326375315689	0.2666577782135057	0.6816413941972418	0.8325
0	0.7375	0.6356666666666666	0.3104074894089455	0.27296787466524886	0.2566903858757121	0.5183697833663787	0.5678571428571428
0	0.8487500000000001	0.7483333333333333	0.31558067877731444	0.27092708981561414	0.26412264245534844	0.6851477342646904	0.8079999999999999
0	0.87	0.86	0.5520829593967224	0.5517880526511659	0.5408070346192965	0.6035501361960147	0.87
0	0.88	0.88	0.6242775144739746	0.6176140588797633	0.7041250328449906	0.860168195232193	0.83
0	0.16	0.16	0.09080592474311473	0.09076485204403728	0.09108224927266702	0.10062582037064123	0.17
0	0.9	0.88	0.5570547003372049	0.5581566394062444	0.5675607817744236	0.6342045940217786	0.94
0	0.86	0.94	0.4020058013691138	0.4160879077676977	0.4816730413366852	0.819498177393581	0.82
0	0.16	0.16	0.09080592474311473	0.09097777088756052	0.09108224927266702	0.10847877172657613	0.11
0	0.92	0.78	0.6249995714822223	0.6186767223706774	0.683652978181378	0.7420636611303193	0.85
0	0.687	0.8025	0.3095145574690035	0.2644561433205409	0.2569992956485266	0.6222182667262167	0.7433333333333334
0	0.24	0.33	0.08774467353629209	0.08659921839963353	0.07755252783541093	0.09733729597285584	0.38
0	0.38	0.37	0.39783659550953865	0.4132442187242839	0.4474655841527234	0.36014093085483057	0.35
0	0.332	0.3125	0.08774467353629209	0.08659921839963353	0.07755252783541093	0.09656376869827538	0.36
0	0.33	0.22	0.622486932487931	0.6167645039655869	0.6828863134850409	0.4517568412476293	0.27
0	0.7	0.72	0.6235974392375959	0.616434849799547	0.6818972885664631	0.7328180408253592	0.79
0	0.15	0.24	0.09080592474311473	0.09097777088756052	0.09108224927266702	0.11622114224470152	0.19
0	0.65	0.64	0.4002112315280014	0.41133165063872434	0.46649358588226214	0.5791812616253696	0.66
0	0.81	0.76	0.3961279291157389	0.41335897142003686	0.4446448103135646	0.5822627788730729	0.79
0	0.9	0.91	0.6162779232311911	0.6134980363457647	0.6751065763208576	0.8023428692133104	0.86
0	0.83	0.81	0.616128172652305	0.6145598166936399	0.6651976221861206	0.7726795474070483	0.84
0	0.26	0.30583333333333335	0.2623102701136439	0.27353177224548764	0.26717181198572193	0.2815700787314194	0.29
1	0.73	0.7525	0.2583392290841562	0.26869754452455524	0.2622491246211759	0.30904753327250206	0.7
1	0.22	0.28	0.6166646898998788	0.614108857070744	0.6474048843544449	0.5070609937502291	0.15
1	0.93	0.84	0.6121414406364655	0.6098568925791727	0.6442704015271439	0.6898311616601734	0.86
0	0.72	0.73	0.6155622885393209	0.6110197825547916	0.6493077740370755	0.6594865913269017	0.66
0	0.27	0.3	0.6237239773273945	0.6072498930480565	0.6701497793941634	0.47131423936018024	0.27
0	0.72	0.81	0.6172784063429484	0.6183789464660886	0.6775546088218036	0.7287959947075248	0.7
0	0.88	0.86	0.4472646111393179	0.46377908297355175	0.6276496053461633	0.850279215798288	0.81
0	0.64	0.62	0.6255230309818348	0.6110214173126365	0.6732007700317919	0.6782318800012842	0.55
1	0.94	0.9	0.5513481910217615	0.5309240274897955	0.623712503404139	0.8209651800131743	0.88
0	0.79	0.73	0.09574841699905239	0.09878075550227765	0.09862894143335853	0.19518078142327513	0.82
0	0.82	0.77	0.09574841699905239	0.09212425853545715	0.09017629037169586	0.20302676334933448	0.8
0	0.06	0.08	0.09574841699905239	0.09212425853545715	0.09017629037169586	0.11117943969944596	0.09
0	0.75	0.73	0.5391839748136434	0.5246336775551401	0.625746332678637	0.7984869485780796	0.66
0	0.07	0.14	0.08774467353629209	0.08659921839963353	0.07755252783541093	0.06428836987981561	0.21
0	0.93	0.93	0.37750907802820316	0.33667873280036725	0.3528965784268607	0.765816859785683	0.91
0	0.14	0.13	0.09574841699905239	0.09212425853545715	0.09017629037169586	0.10663108080468796	0.1
0	0.63	0.5	0.08857023924619355	0.08733983493214731	0.08546927119043204	0.19338817821562226	0.56
0	0.74	0.55	0.40117661862859494	0.4184145569865263	0.4675021816162173	0.5048177831352421	0.66
0	0.13	0.21	0.08911534215735972	0.08919799070966744	0.08080033601039563	0.071607240530607	0.19
0	0.11	0.06	0.08911534215735972	0.08919799070966744	0.08080033601039563	0.06409442551799101	0.04
1	0.99	1.0	0.34509533993742425	0.37905116063849453	0.5212815705615662	0.9886798004486517	0.99
1	0.91	0.88	0.550433713532997	0.5530678276989456	0.6525654897422352	0.8453992760281593	0.94
0	0.84	0.88	0.3469685427307968	0.37905116063849453	0.49806388220429937	0.9182392457521367	0.9
0	0.08	0.51	0.08881244532720894	0.08737644102366547	0.08677045778375231	0.1581419709278864	0.41
0	0.11	0.03	0.08798154609280977	0.08836112588020618	0.08250714525674492	0.05273778187693659	0.1
0	0.4	0.47	0.3880782852861988	0.41295027447604843	0.4376814887466152	0.4134208830841902	0.43
0	0.38	0.31	0.08764168380636411	0.08899460594438155	0.09285261391198542	0.13790885042752052	0.34
0	0.58	0.63	0.5549892903450493	0.5549421022336098	0.573386165800278	0.5380476301207072	0.67
0	0.81	0.87	0.442468803571977	0.4607994766519118	0.6181277299449977	0.8260505700128177	0.83
1	0.88	0.87	0.6166646898998788	0.6139678011155212	0.6660488945275698	0.7570820627896407	0.89
1	0.8	0.83	0.5581895092781031	0.5599195893003169	0.563410439702362	0.5955023736703048	0.9
0	0.82	0.69	0.4025091025453092	0.42013329157827256	0.47910574439476455	0.5606881915519493	0.68
0	0.51	0.41583333333333333	0.3095672963142656	0.27495661699086915	0.27112589854275926	0.5784480624357218	0.495
0	0.08	0.17	0.09080592474311473	0.09097777088756052	0.09108224927266702	0.11195026106418465	0.07
0	0.48	0.41	0.4034854257191966	0.4185629759929676	0.4730315728637924	0.5401969246677055	0.5
1	0.84	0.88	0.6183314107688501	0.6141851557613335	0.6704220711306261	0.7970848204662356	0.89
0	0.03	0.16	0.08774467353629209	0.08659921839963353	0.07780703383787749	0.06259689992099796	0.17
0	0.1	0.2	0.08764168380636411	0.088503662399091	0.08335974544922788	0.08388178795343164	0.21
0	0.1	0.29	0.08944636626188386	0.08733983493214731	0.08667827804677243	0.1262322323130701	0.27
0	0.68	0.77	0.09937828493552285	0.09212425853545715	0.09120050922155908	0.2557341465609409	0.77
0	0.175	0.36	0.08774467353629209	0.08659921839963353	0.07678281498801427	0.08405740846717327	0.3
0	0.87	0.78	0.3753663819335179	0.3383271304230556	0.34507401553525	0.7705749140421212	0.72
0	0.07	0.11	0.08764168380636411	0.08899460594438155	0.08335974544922788	0.09349807970066511	0.085
0	0.06	0.1	0.10243504586661452	0.09938099062737273	0.09734018489961475	0.1113544664483803	0.12
0	0.24	0.34666666666666673	0.31089640904213256	0.2750135329457099	0.2694063573272226	0.4042316437169683	0.48833333333333334
0	0.26	0.32	0.08774467353629209	0.08659921839963353	0.07780703383787749	0.12885512258969795	0.33
0	0.93	0.96	0.6169888488435405	0.6102574715403438	0.6793264671072214	0.8143700650467685	0.95
0	0.165	0.65	0.08911534215735972	0.09910511516521202	0.11988846678863783	0.27160826832582585	0.6
0	0.09	0.515	0.08881244532720894	0.09728356547921005	0.11826510913666213	0.24655814203273788	0.604
0	0.97	0.99	0.09198382250614541	0.11053272785640654	0.12983948352136276	0.4755941244506792	0.98
0	0.98	0.97	0.09198382250614541	0.11053272785640654	0.12983948352136276	0.48883374112286404	0.9740000000000001
0	0.86	0.82	0.3437971655518603	0.3692418317459188	0.47594736923810155	0.8945679530482251	0.95
0	0.86	0.97	0.34168015808675156	0.3532169515214432	0.4662069954670169	0.9284222209193347	0.95
0	0.94	0.89	0.3437971655518603	0.3532169515214432	0.4559578029519132	0.9017481772998128	0.9
0	0.07	0.03	0.08911534215735972	0.08919799070966744	0.08080033601039563	0.07141270553917861	0.17
0	0.08	0.07	0.2203008252325031	0.17538015176175578	0.18184012203374722	0.1923665180377283	0.08
0	0.11	0.12	0.21571762016729795	0.17502376761275643	0.1766280994104839	0.15566096257518192	0.11
0	0.05	0.02	0.08798154609280977	0.08836112588020618	0.08250714525674492	0.044436623223292615	0.03
1	0.86	0.78	0.47391465118216336	0.46847236953070615	0.5461835995055583	0.673543989132977	0.73
0	0.19	0.2333333333333333	0.08774467353629209	0.08659921839963353	0.07755252783541093	0.09715795725214482	0.3025
1	0.88	0.93	0.6146485248709522	0.6145598166936399	0.6600575314675943	0.8031035464388584	0.96
1	0.95	0.81	0.4683930090767791	0.46134781604038616	0.5135812146639657	0.707465650190663	0.86
0	0.8	0.75	0.3983091794967964	0.4146027384887241	0.4496161159004681	0.48386565758357136	0.79
0	0.8	0.7	0.6277183134550577	0.6106571499346021	0.6890804825466589	0.6687353982066161	0.7
0	0.13	0.06	0.09574841699905239	0.09212425853545715	0.09017629037169586	0.10216722946776173	0.06
0	0.15333333333333335	0.32666666666666666	0.08944636626188386	0.09082366919085277	0.09172263408316557	0.12235710570114992	0.38
0	0.12	0.0525	0.08944636626188386	0.08733983493214731	0.08667827804677243	0.10373079572310072	0.09
0	0.05	0.04	0.08798154609280977	0.08836112588020618	0.08250714525674492	0.0395915775183015	0.06
0	0.17	0.07	0.08798154609280977	0.08836112588020618	0.08250714525674492	0.047053172285862734	0.09
0	0.65	0.66	0.08944636626188386	0.08733983493214731	0.08667827804677243	0.10509513823580098	0.64
0	0.22	0.47	0.08911534215735972	0.08919799070966744	0.08839381543572804	0.20817488805472814	0.51
0	0.0	0.0	0.08798154609280977	0.08836112588020618	0.08250714525674492	0.04498102811796678	0.03
0	0.375	0.4303333333333333	0.31375162217500935	0.27818782936654307	0.26944742327212157	0.5204307177630627	0.48200000000000004
1	0.75	0.91	0.5554588034554804	0.5601664924505133	0.5617451976299856	0.6013158077128608	0.85
0	0.7136666666666668	0.765	0.3212932213531376	0.28129825195593905	0.27000763013408713	0.6708667805626349	0.74
0	0.86	0.88	0.4472646111393179	0.4622172381098201	0.6386778491227424	0.8368208303482499	0.93
0	0.03	0.0	0.08798154609280977	0.08836112588020618	0.08250714525674492	0.04086459985873767	0.02
0	0.88	0.93	0.20914100552698045	0.21663664535187732	0.25990445393716266	0.6618161119843239	0.88
1	0.78	0.82	0.08911534215735972	0.08919799070966744	0.08080033601039563	0.08924044249125024	0.81
0	0.89	0.91	0.34168015808675156	0.3543744473441226	0.46065376705428834	0.9239220005610501	0.89
0	0.15	0.08	0.08911534215735972	0.08919799070966744	0.08080033601039563	0.07762867828346835	0.11
0	0.81	0.86	0.5400000303209819	0.5475695643478029	0.5284600449254768	0.5303350832107505	0.87
0	0.33	0.46	0.4034854257191966	0.41884738342031674	0.47370061937212143	0.4450017926995312	0.41
0	0.81	0.73	0.6315361575370992	0.6198554411510847	0.705263965929758	0.7749602108971623	0.8
0	0.66	0.77	0.09098513622619836	0.10235748750471585	0.11780379723097592	0.23779673683555327	0.72
0	0.29	0.19	0.26109162562830185	0.27026032230949015	0.2661771318752007	0.26761870432501245	0.27
0	0.05	0.07	0.08764168380636411	0.088503662399091	0.08335974544922788	0.07869614284618592	0.06
0	0.06	0.5	0.09091605071522857	0.10394751254377368	0.11106371318204404	0.32243750390726944	0.5
0	0.12	0.08	0.10287086443836492	0.10004150314089304	0.09991079546334573	0.11578180274210531	0.11
1	0.79	0.73	0.08944636626188386	0.08733983493214731	0.08667827804677243	0.11708489945476952	0.74
1	0.91	0.96	0.08944636626188386	0.08733983493214731	0.08667827804677243	0.17233677536817674	0.95
0	0.44	0.29	0.39600037240619473	0.4116874287532824	0.4418597105519769	0.3895546948192194	0.3
0	0.16	0.36	0.08774467353629209	0.09650634285517809	0.09609460912254139	0.24932465264316508	0.34
0	0.12	0.23333333333333336	0.09198382250614541	0.11053272785640654	0.12983948352136276	0.3548216523839106	0.285
0	0.15	0.57	0.08911534215735972	0.08919799070966744	0.08839381543572804	0.20664616556713983	0.53
0	0.13	0.53	0.08911534215735972	0.08919799070966744	0.08839381543572804	0.21962029809081382	0.52
0	0.11	0.12	0.08774467353629209	0.08659921839963353	0.07678281498801427	0.042238923307480726	0.11
0	0.18	0.17	0.08774467353629209	0.08659921839963353	0.08259170015558993	0.08619710082963422	0.23
0	0.14	0.46	0.08774467353629209	0.09650634285517809	0.10238189565005562	0.28979882884518626	0.41
0	0.68	0.74	0.09080592474311473	0.09125579558932782	0.09108224927266702	0.1109100803313008	0.63
0	0.16	0.39	0.08774467353629209	0.08659921839963353	0.07678281498801427	0.08209978408718648	0.35
0	0.18	0.2	0.5340500402143158	0.5337910591810399	0.5247107266025434	0.4392322347622503	0.19
0	0.785	0.9	0.39681826824247834	0.41800047585325734	0.45368542871716594	0.636150238349757	0.76
1	0.85	0.79	0.5745131506209944	0.5750516951469794	0.5848067887757129	0.6676964861396765	0.87
1	0.96	0.95	0.5602714439290218	0.5681015704614398	0.5741988263978495	0.6964915231967298	0.98
0	0.26	0.25	0.08774467353629209	0.08659921839963353	0.07780703383787749	0.10087150695418744	0.2
1	0.88	0.9	0.5672460804033244	0.5711947572570849	0.5756829635704999	0.6734358824092456	0.89
0	0.25	0.3	0.08774467353629209	0.08659921839963353	0.07780703383787749	0.09758647556946982	0.24
0	0.83	0.88	0.6268900157144972	0.6130073463205684	0.6867007124175867	0.7683527374817578	0.89
0	0.4575	0.43666666666666665	0.26384324694073835	0.2732600173219187	0.27759645012662126	0.3490961322706523	0.38166666666666665
0	0.14	0.18	0.1009130697503793	0.09828981873403961	0.09457500699523175	0.119046350434861	0.12
1	0.69	0.72	0.10019805860891279	0.09895033124755993	0.09485321940982266	0.14016829871604153	0.64
1	0.96	0.93	0.6240477363032434	0.6208970613537282	0.685140785118156	0.8693893611087731	0.94
0	0.24	0.45	0.08774467353629209	0.08659921839963353	0.07678281498801427	0.05853327698070197	0.4066666666666666
0	0.72	0.56	0.40481790963591074	0.4142148767271721	0.4819636744779058	0.6166262222155685	0.7
0	0.055	0.23	0.08774467353629209	0.08659921839963353	0.07780703383787749	0.07444263187697756	0.26
0	0.14	0.34	0.08774467353629209	0.08659921839963353	0.07678281498801427	0.08407338018009264	0.37
0	0.75	0.71	0.5432903490992401	0.5202373506420268	0.6209829719210959	0.8295065740181273	0.75
0	0.74	0.77	0.6230228119212733	0.6182756118625775	0.6766380298689484	0.7658359026476282	0.73
0	0.15	0.27	0.10414247173741725	0.10004150314089304	0.10063145964036199	0.13563832900157888	0.24
0	0.83	0.77	0.544960006506326	0.5246336775551401	0.6147402790365564	0.8054373417945406	0.78
0	0.99	0.91	0.550433713532997	0.5542915802559438	0.6488386025226325	0.8966684610242238	0.96
0	0.17	0.36	0.08774467353629209	0.08659921839963353	0.07678281498801427	0.05913009428135449	0.4
0	0.02	0.02	0.08774467353629209	0.08659921839963353	0.07678281498801427	0.029205855451301593	0.02
0	0.05	0.06	0.09574841699905239	0.09212425853545715	0.09017629037169586	0.11229048869645888	0.04
0	0.0	0.0	0.08774467353629209	0.08659921839963353	0.07678281498801427	0.02888128599850078	0.015
0	0.09	0.12333333333333334	0.08774467353629209	0.08659921839963353	0.07780703383787749	0.06220117159578553	0.14
0	0.11	0.275	0.09091605071522857	0.10008652016899484	0.10737864231637197	0.1939247372588186	0.32
0	0.16	0.29	0.08774467353629209	0.08659921839963353	0.07678281498801427	0.06157369874728794	0.31
1	0.75	0.77	0.09080592474311473	0.0896343060581022	0.09108224927266702	0.10632693249171304	0.77
0	0.25	0.28	0.08774467353629209	0.08659921839963353	0.07780703383787749	0.06775426814096473	0.16
0	0.16	0.405	0.09091605071522857	0.10008652016899484	0.10737864231637197	0.20648080006234207	0.3966666666666667
0	0.23	0.25666666666666665	0.08774467353629209	0.08659921839963353	0.07780703383787749	0.061625340916151884	0.335
0	0.95	0.88	0.4472646111393179	0.4623613215156434	0.6448327819144164	0.9059295719693572	0.89
0	0.18	0.38	0.08774467353629209	0.08659921839963353	0.07678281498801427	0.058949320125179894	0.37
0	0.35	0.32	0.08774467353629209	0.08659921839963353	0.07780703383787749	0.1233360221605586	0.38
1	0.56	0.74	0.08944636626188386	0.08733983493214731	0.08667827804677243	0.0988461447175417	0.645
0	0.14	0.22	0.08774467353629209	0.08659921839963353	0.07755252783541093	0.10233800024474832	0.23
0	0.92	0.94	0.44160943872552477	0.4623613215156434	0.6440101015744573	0.9103027320859631	0.97
0	0.95	0.96	0.34485153526568807	0.3598231028612339	0.489974544439677	0.9687817729113035	0.96
0	0.26	0.45	0.08911534215735972	0.08919799070966744	0.08839381543572804	0.22339928644792853	0.54
0	0.04	0.05	0.08881244532720894	0.08737644102366547	0.07917697835841991	0.05520220025957147	0.06
0	0.95	0.895	0.3478830202195614	0.35387790197160823	0.46226125502513055	0.8782445907667328	0.85
0	0.03	0.04	0.08911534215735972	0.08919799070966744	0.08080033601039563	0.0643921938053543	0.04
0	0.47	0.57	0.10887681025483427	0.10812532688075968	0.09838929709846403	0.1425299131245017	0.6
0	0.35	0.35	0.3079656137085653	0.274361295509226	0.2581208912332113	0.4134955602421398	0.5
0	0.51	0.43	0.3988541687843518	0.41133165063872434	0.4677555929466808	0.5782725433291059	0.58
0	0.125	0.12	0.09080592474311473	0.09146871443285107	0.09108224927266702	0.10523455538692426	0.14
1	0.95	0.92	0.5452909414349165	0.5550236052268454	0.5559959822840519	0.6318183143750598	0.91
0	0.16	0.09	0.09080592474311473	0.0896343060581022	0.09108224927266702	0.09930482970217573	0.1
0	0.09	0.11	0.5551188063687795	0.5644298835154334	0.5519027868875589	0.49862164452811686	0.07
0	0.11	0.09	0.554093554323917	0.5605250434753896	0.5521919932183327	0.47544340390465467	0.08
0	0.74	0.82	0.30967546433035537	0.2644561433205409	0.2582971088914708	0.5998955958533588	0.725
0	0.61	0.59	0.09080592474311473	0.08914336251281166	0.09108224927266702	0.1053650834023992	0.68
0	0.89	0.78	0.6261860832140309	0.6134084568286685	0.6946293035022673	0.7460114683695541	0.84
0	0.78	0.74	0.3928628628984949	0.4124144052490096	0.451805406438761	0.5430248604929276	0.64
0	0.11	0.21	0.5497376348005909	0.5607223896936107	0.5478942191137264	0.4754499898633431	0.13
0	0.34149999999999997	0.29583333333333334	0.2607964861068128	0.27850080069634153	0.27709430038510724	0.3087043561663708	0.3216666666666667
0	0.3715	0.31083333333333335	0.2607964861068128	0.27850080069634153	0.2756607801545647	0.33543014167777513	0.35
0	0.37	0.2125	0.2611495519652554	0.27026032230949015	0.26617728768281845	0.2642055936272552	0.22
0	0.69	0.68	0.09098513622619836	0.10235748750471585	0.12659691027612843	0.18792849089143687	0.77
0	0.96	0.79	0.38949512333051756	0.407178393157707	0.4302968147335834	0.5925072439492682	0.87
0	0.7	0.72	0.6260482985869751	0.6144684987048946	0.6865929220874937	0.7353568383413033	0.77
1	0.7	0.68	0.10574371917094108	0.09828981873403961	0.10217790578934456	0.14487252703684114	0.65
0	0.02	0.06333333333333332	0.08774467353629209	0.08659921839963353	0.07755252783541093	0.05840752982531596	0.08
0	0.96	0.92	0.6233873478352812	0.6123828939773668	0.7011118279133072	0.8491594660992108	0.87
0	0.09	0.35666666666666663	0.08774467353629209	0.08659921839963353	0.0765283089855477	0.07221981803282305	0.254
0	0.17	0.14	0.10222880897046974	0.10121067607322386	0.09884460055497649	0.11941074993001337	0.11
0	0.04	0.06	0.10222880897046974	0.10008815433723126	0.09838929709846403	0.10879040220789253	0.08
0	0.79	0.8	0.10491531291498184	0.10004150314089304	0.10247825300078638	0.16153399803688018	0.79
1	0.91	0.96	0.557911915313956	0.5603946583051771	0.549933050419003	0.6194975002132981	0.88
0	0.2	0.32	0.08774467353629209	0.09650634285517809	0.08582908885525771	0.08788147932776642	0.29
0	0.94	0.91	0.44618801539463704	0.4623505115449803	0.6386166580202114	0.9096872175457265	0.88
1	0.85	0.79	0.10628661721346694	0.09938099062737273	0.10319447655545191	0.16354465101784257	0.76
0	0.08	0.09	0.08764168380636411	0.09012515193031662	0.08335974544922788	0.08120779819525964	0.095
0	0.22433333333333333	0.33	0.08944636626188386	0.09082366919085277	0.09172263408316557	0.13851730146646063	0.31833333333333336
0	0.2016666666666667	0.15	0.08944636626188386	0.08733983493214731	0.08667827804677243	0.10796722795488506	0.21
0	0.74	0.7066666666666666	0.09261774344082033	0.09826483887944835	0.10582583834726139	0.2794810726522076	0.77
0	0.27	0.5916666666666667	0.09198382250614541	0.11053272785640654	0.12983948352136276	0.4243848844189799	0.6916666666666665
0	0.28	0.5416666666666666	0.09198382250614541	0.11053272785640654	0.12983948352136276	0.417532462733347	0.6108333333333333
0	0.215	0.6475	0.08911534215735972	0.08919799070966744	0.08839381543572804	0.23496176673625713	0.6275
0	0.26	0.1	0.08881244532720894	0.08737644102366547	0.07917697835841991	0.05948801329852042	0.08
0	0.17	0.07	0.08881244532720894	0.08737644102366547	0.07917697835841991	0.06955622492262815	0.08
0	0.04	0.01	0.08911534215735972	0.08919799070966744	0.08080033601039563	0.06648064723594714	0.06
0	0.09	0.09	0.08911534215735972	0.08919799070966744	0.08080033601039563	0.0695410486093572	0.14
0	0.04	0.075	0.08881244532720894	0.08737644102366547	0.07917697835841991	0.05775779915338661	0.01
0	0.02	0.01	0.08798154609280977	0.08836112588020618	0.08250714525674492	0.04146080538289849	0.01
1	0.73	0.69	0.08774467353629209	0.08659921839963353	0.07755252783541093	0.06912597295312257	0.7
0	0.27	0.2	0.5525878459683105	0.5583829379230989	0.5503960990097299	0.5349769247740422	0.22
0	0.2325	0.5533333333333333	0.09091605071522857	0.10394751254377368	0.10996171801164768	0.2716496819819396	0.5166666666666666
0	0.31	0.23666666666666664	0.08774467353629209	0.08659921839963353	0.07755252783541093	0.08733398973061098	0.2633333333333333
0	0.18	0.24	0.10816179911336776	0.10591469349984095	0.09839275822556937	0.1406134759790259	0.26
0	0.27	0.27	0.10816179911336776	0.10677467352216893	0.10092380379603175	0.15022972260619663	0.25
0	0.92	0.9	0.3770630060128052	0.3374431617580478	0.3582048152660528	0.8115825541081293	0.86
0	0.43	0.37	0.5214573083727653	0.5042994556580207	0.48045509666243236	0.4103515644593951	0.33
0	0.08	0.18	0.08764168380636411	0.088503662399091	0.08335974544922788	0.08380157916542239	0.08
0	0.74	0.66	0.1009130697503793	0.09968712328896859	0.09380981700857491	0.1594840422002749	0.67
0	0.59	0.68	0.3949329746647569	0.4138607223995398	0.45311092888754784	0.5560337041719248	0.67
0	0.08	0.03	0.09080592474311473	0.08914336251281166	0.09108224927266702	0.09984756142149319	0.06
0	0.48	0.5316666666666666	0.31423679126073994	0.2759326375315689	0.2679123150652195	0.5737981050744119	0.635
0	0.1	0.09	0.10019805860891279	0.09828981873403961	0.09578796587905597	0.14137661525414802	0.14
1	0.99	0.94	0.6190242518380014	0.6150120819234227	0.6750661655926155	0.8397885357057318	0.97
1	0.45	0.49	0.6097986854561125	0.607035903891416	0.6270152138383468	0.48934868743073046	0.48
0	0.3265	0.26666666666666666	0.25974637848001286	0.27026032230949015	0.264688765922429	0.26534691598316573	0.284
0	0.75	0.72	0.6152290315075766	0.6113657434935972	0.6520030631737869	0.6810346836598058	0.81
0	0.38	0.37	0.2652997944057382	0.27026032230949015	0.27449033774188253	0.319506330337281	0.39
0	0.62	0.58	0.6161757286761158	0.6117065577021129	0.6469425522353752	0.5952938909679208	0.57
0	0.25	0.31	0.2595778416214707	0.2768401946357355	0.28035793146873755	0.30629174617630267	0.31
0	0.27	0.33	0.2571205845988141	0.2678737723828483	0.2640357479733196	0.27132267430789153	0.25
1	0.98	0.94	0.2595778416214707	0.2732600173219187	0.2809364488134026	0.5481750059873597	0.93
0	0.73	0.81	0.2607964861068128	0.2722045833053955	0.27690150013544246	0.45332660048895446	0.75
0	0.84	0.76	0.37502215543174733	0.33966714110559976	0.3599039256015605	0.7801995673158048	0.75
0	0.11	0.23	0.10222880897046974	0.10121067607322386	0.10036609891985819	0.133612852753344	0.13
0	0.21	0.24	0.09574841699905239	0.09212425853545715	0.09017629037169586	0.10732366530709521	0.21
1	0.21	0.12	0.10126697352507899	0.10073164398596346	0.099290883051753	0.11285273895397398	0.14
0	0.93	0.92	0.44618801539463704	0.4622172381098201	0.6434450355305671	0.9010962156762301	0.95
0	0.12	0.19	0.09574841699905239	0.09212425853545715	0.09017629037169586	0.1232247806774997	0.14
0	0.13	0.14	0.09574841699905239	0.09212425853545715	0.09017629037169586	0.10896623292814275	0.2
0	0.05	0.03	0.08764168380636411	0.08701455828286825	0.08233552659936468	0.04827724936420523	0.01
0	0.04	0.1	0.1019819846665455	0.10004150314089304	0.09991079546334573	0.119314559962767	0.07
0	0.175	0.11333333333333334	0.08774467353629209	0.08659921839963353	0.07755252783541093	0.05922134549609661	0.11
0	0.14666666666666667	0.44	0.08774467353629209	0.09650634285517809	0.08582908885525771	0.08741354855800053	0.26
0	0.44	0.42	0.2668078415749562	0.2715875112495823	0.2798779002869598	0.4295413603338317	0.42333333333333334
0	0.11	0.15	0.08764168380636411	0.09012515193031662	0.08335974544922788	0.08721683960082748	0.19
0	0.19	0.18	0.10608338525651737	0.10121067607322386	0.10130333597746319	0.12901078887270415	0.25
0	0.13	0.23	0.08944636626188386	0.08733983493214731	0.08667827804677243	0.10857318820657	0.21
0	0.02	0.06	0.08798154609280977	0.08836112588020618	0.08250714525674492	0.04319573211207764	0.05
0	0.0	0.03	0.08798154609280977	0.08836112588020618	0.08250714525674492	0.04311338146971486	0.02
1	0.66	0.675	0.08944636626188386	0.08733983493214731	0.08667827804677243	0.11286496713281931	0.73
0	0.05	0.08	0.08798154609280977	0.08836112588020618	0.08250714525674492	0.045576906306799836	0.03
0	0.35	0.42	0.08774467353629209	0.08659921839963353	0.07755252783541093	0.12397467669258386	0.33
1	0.82	0.86	0.08944636626188386	0.08733983493214731	0.08667827804677243	0.11947514331841003	0.82
0	0.86	0.86	0.6106108922744827	0.6110795712764953	0.6618477199204038	0.7828966504188893	0.88
1	0.69	0.65	0.6115676008801592	0.6115911615526483	0.6559513899187257	0.6828085760760817	0.68
0	0.52	0.7	0.09198382250614541	0.11053272785640654	0.12983948352136276	0.446109526155586	0.6625
0	0.99	0.92	0.3469685427307968	0.37905116063849453	0.5167526074611746	0.9245085641280365	0.9
0	0.17	0.68	0.08911534215735972	0.09910511516521202	0.11988846678863783	0.3061538151115039	0.67
0	0.14	0.18	0.08774467353629209	0.08659921839963353	0.07780703383787749	0.06639711151556864	0.15
0	0.05333333333333333	0.08	0.08774467353629209	0.08659921839963353	0.07780703383787749	0.08511485334618292	0.11
1	0.76	0.87	0.09261774344082033	0.09826483887944835	0.11438117414968595	0.2467165111532857	0.7866666666666666
0	0.12	0.13	0.09574841699905239	0.09212425853545715	0.09017629037169586	0.10823061293021713	0.08
0	0.52	0.63	0.5555288706246497	0.5546084918497465	0.5569729064032489	0.5775404834660657	0.56
0	0.54	0.46	0.10788260654365166	0.10929449981309051	0.09960819246604688	0.1734241864800949	0.48
0	0.85	0.82	0.534259685968739	0.5369831440123809	0.5255548952477709	0.5448026649943842	0.82
0	0.42	0.44	0.548366480967071	0.5487618389271304	0.5509879331803502	0.5231223706282395	0.56
0	0.19666666666666666	0.22	0.09080592474311473	0.09097777088756052	0.09262905487567352	0.11276885283643628	0.16
0	0.85	0.85	0.3944953244469395	0.40970683716345	0.46243112864255004	0.6735183810117641	0.87
0	0.41	0.35	0.31217874657922395	0.2757756947685776	0.26628083904217303	0.49432481677189394	0.49166666666666664
0	0.94	0.97	0.5591578658207339	0.5579188577025757	0.573833835943133	0.6270177199048235	0.89
0	0.22666666666666666	0.3	0.09080592474311473	0.09097777088756052	0.09262905487567352	0.12027959012291893	0.18
0	0.78	0.78	0.628126551495805	0.6186284908241478	0.7004199777954494	0.8413858787636406	0.9
0	0.85	0.9	0.4472646111393179	0.46377908297355175	0.6401710215934946	0.8368558222680914	0.83
0	0.09	0.09	0.1019819846665455	0.10004150314089304	0.09944187042441864	0.1125254353887434	0.16
0	0.28	0.22	0.1046684886110576	0.10004150314089304	0.10353082632674102	0.13975897388601816	0.24
0	0.07	0.09	0.10222880897046974	0.10004150314089304	0.09854374559823502	0.11723466132788429	0.1
0	0.18	0.3	0.10074095665143863	0.10073164398596346	0.09703809715707065	0.13278976122833583	0.34
0	0.1	0.13	0.10222880897046974	0.10004150314089304	0.09798894056537188	0.12242757658467346	0.18
0	0.09	0.06	0.10222880897046974	0.09938099062737273	0.09765800956866338	0.11069376463610393	0.06
1	0.71	0.73	0.10151379782900323	0.09938099062737273	0.099569142727533	0.14386927359268817	0.66
0	0.1	0.215	0.09091605071522857	0.10008652016899484	0.10737864231637197	0.18466075018099037	0.35
0	0.19	0.17	0.09574841699905239	0.09212425853545715	0.09157117338802308	0.11844442466138004	0.18
0	0.07	0.06	0.10243504586661452	0.10007113147244315	0.09882195801282592	0.14653119272587245	0.09
0	0.85	0.84	0.3770630060128052	0.3375672663439067	0.3564502596162267	0.8156375514666806	0.77
0	0.34	0.4	0.26130382371837396	0.26869754452455524	0.26268866018075243	0.29601124887204083	0.335
0	0.08	0.1375	0.08944636626188386	0.08733983493214731	0.08667827804677243	0.10140720747229501	0.09
0	0.95	0.89	0.3790253332689187	0.33919173553341564	0.36102029058793705	0.8587568846519748	0.82
0	0.05	0.03	0.08944636626188386	0.08733983493214731	0.08667827804677243	0.0953999363399605	0.08
1	0.69	0.7	0.08774467353629209	0.08659921839963353	0.07780703383787749	0.11020335889092729	0.7
0	0.7	0.38	0.3880782852861988	0.4084231562582476	0.4304486946739305	0.42592511065985666	0.42
0	0.22	0.47	0.08911534215735972	0.08919799070966744	0.08825095787962217	0.2837510607850832	0.37
0	0.09	0.09	0.21581074334092837	0.17238045674932725	0.1758337942841392	0.1296416056926404	0.07
1	0.86	0.78	0.528658444102978	0.5272055242500637	0.513281727148586	0.5999257718119861	0.78
0	0.84	0.79	0.5486679768644976	0.5552106848418028	0.6456131005438437	0.7923502906677824	0.77
0	0.16	0.2	0.5345129813076768	0.5361809348881384	0.5335466425370491	0.42282798522502546	0.19
0	0.76	0.815	0.2599309074799134	0.27026032230949015	0.26715428625337717	0.411510957994412	0.83
0	0.83	0.85	0.3738066970591037	0.3347749424232639	0.36121039297545254	0.8234320884553026	0.91
0	0.61	0.67	0.6179115138543002	0.6158824914948138	0.6822334886010281	0.7188073071629187	0.66
1	0.95	0.94	0.5500618758050494	0.5524231020526491	0.6487318794710752	0.90196445104573	0.94
0	0.16	0.13	0.09080592474311473	0.08914336251281166	0.09262905487567352	0.10623247262870636	0.21
0	0.84	0.79	0.3749148597623666	0.3379512660088593	0.35242288990279014	0.7627936727812918	0.78
0	0.43	0.36	0.08944636626188386	0.08733983493214731	0.08667827804677243	0.12483470996444784	0.36
1	0.99	0.97	0.627135904510579	0.6218729409081749	0.6972900849431843	0.8234919139159049	0.94
0	0.16	0.13	0.20876055315220385	0.17508639485062052	0.1915714722240306	0.2046925834282602	0.14
0	0.1925	0.18	0.08774467353629209	0.08659921839963353	0.07780703383787749	0.06929718004742005	0.24
0	0.54	0.46	0.5328967427898682	0.5351171608452807	0.5337826706182657	0.5051414513388085	0.53
1	0.84	0.84	0.5572262289419335	0.562201362292315	0.5626813929336755	0.6363712826869792	0.88
0	0.59	0.49266666666666664	0.30529192244707326	0.2737495423465605	0.2542484206421963	0.4957658577484173	0.56
0	0.87	0.8	0.5553807690217993	0.5624481331684043	0.5621909259414984	0.5943885804198974	0.88
0	0.36	0.46	0.5444955062296939	0.5493735562302975	0.5446738632736146	0.49537774788871003	0.43
0	0.39	0.44	0.5518008705226471	0.5533962506256791	0.5404027709039022	0.4853548350318528	0.28
0	0.77	0.77	0.6206909727069727	0.6142933806140122	0.6707508168811822	0.7010055571820412	0.71
0	0.86	0.86	0.3765038771177792	0.3375431885661983	0.3571863134277837	0.7379295084812624	0.82
0	0.89	0.83	0.3679799502629708	0.32927837402506704	0.35195203526151203	0.720022324932424	0.85
1	0.74	0.71	0.15763756638194415	0.18841575557989526	0.2077896238081183	0.3286376937661773	0.68
0	0.05	0.03	0.08764168380636411	0.0875055018281588	0.08233552659936468	0.047055606407741014	0.01
0	0.04	0.25	0.09161141402928022	0.08836112588020618	0.08353136410660814	0.17577553011728447	0.31
