FineTune_last_one	FineTune_last_two	FineTune_last_three
0.73968476	0.7071512	0.7983858
0.71094	0.34172705	0.8808737
0.088320196	0.33346793	0.04456806
0.750745	0.5744444	0.93594277
0.91041267	0.94830394	0.9317306
0.32476857	0.55927867	0.46123976
0.9659255	0.9271306	0.94532156
0.38636237	0.78618824	0.44613615
0.2371715	0.33487594	0.25066188
0.0184097	0.17692202	0.05003962
0.28221393	0.23727992	0.26397294
0.72811663	0.26316547	0.6367737
0.490549	0.22881013	0.43585804
0.40864664	0.3468958	0.18280125
0.3443725	0.23466825	0.2244604
0.75967336	0.77202606	0.9672696
0.3192848	0.20791978	0.22868696
0.76139283	0.24153528	0.3931206
0.057811856	0.11405897	0.024270207
0.66323423	0.5758488	0.6730879
0.99663365	0.9181901	0.9920043
0.908062	0.9707464	0.9355753
0.44829443	0.5995219	0.6779287
0.98263574	0.9247855	0.993221
0.61520857	0.7973088	0.70748025
0.9844303	0.97114223	0.9827851
0.87021756	0.9280713	0.85413766
0.25669897	0.41935793	0.42103007
0.5233137	0.9423156	0.69334483
0.8855	0.8097923	0.92396444
0.9412608	0.931715	0.9694375
0.7981911	0.6421407	0.6276092
0.045309126	0.29787743	0.09892288
0.9665806	0.97980165	0.9494456
0.54707867	0.11684507	0.1240972
0.51105046	0.5292482	0.18812409
0.99729836	0.99996096	0.9990814
0.34118092	0.30431208	0.13646477
0.02673462	0.27238047	0.026724458
0.004397154	0.13228163	0.0031616688
0.92896557	0.99586093	0.8470583
0.19995973	0.99351954	0.64682746
0.43006822	0.3638297	0.4504057
0.35758948	0.2673807	0.10454118
0.29196715	0.04667127	0.2709652
0.57315964	0.254911	0.4542841
0.0071718395	0.052651674	0.0024092793
0.8687042	0.79708356	0.92787755
0.7357067	0.673308	0.84497297
0.78878075	0.08329892	0.55695856
0.81454504	0.7124941	0.9116603
0.9702444	0.916209	0.9303996
0.27177763	0.53402936	0.57643765
0.14853236	0.24199408	0.72191656
0.3523056	0.31577146	0.5056477
0.090881914	0.36844578	0.13566789
0.60512525	0.47946477	0.8375894
0.018422782	0.16401729	0.01456061
0.029169917	0.4258771	0.07261759
0.54177517	0.57199633	0.85901654
0.8550565	0.6840527	0.8156225
0.7045676	0.41002533	0.49074244
0.16493458	0.23910934	0.15241817
0.7425097	0.4212301	0.82505655
0.91709495	0.40043843	0.93520796
0.51028997	0.16297758	0.32788146
0.18530583	0.09208104	0.26019
0.29752725	0.17485383	0.42410663
0.79758394	0.26018733	0.59018624
0.98932564	0.67935765	0.8865551
0.84112585	0.8517041	0.807107
0.2795699	0.066415966	0.46096262
0.89839566	0.4670967	0.9198736
0.998403	0.9648604	0.9990234
0.005805135	0.20940143	0.03173825
0.99850357	0.9844436	0.9987034
0.99399114	0.8416227	0.99495816
0.9729891	0.8937508	0.96323895
0.9982757	0.9919783	0.9990196
0.08525139	0.2598487	0.11587009
0.08212614	0.5452987	0.32166517
0.37849343	0.227462	0.49989596
0.98319983	0.9764759	0.9643723
0.36119127	0.22349542	0.16450563
0.016965568	0.11231336	0.05053383
0.8928299	0.57959783	0.8701798
0.46124154	0.25532645	0.6763145
0.8543285	0.9249343	0.852245
0.83125085	0.9782998	0.8347863
0.8333524	0.45309147	0.7804464
0.01295203	0.0861021	0.004745394
0.9325918	0.3472553	0.93409866
0.90860915	0.8060549	0.9529301
0.9894796	0.8062706	0.9978183
0.97406065	0.8475112	0.9013789
0.41261637	0.1242125	0.18320823
0.9157672	0.47763428	0.9280853
0.914653	0.91335607	0.95216954
0.81793	0.7294793	0.90913814
0.7177691	0.57343704	0.9424473
0.89760745	0.61506224	0.8631183
0.75483024	0.6095812	0.87464094
0.8467624	0.85968006	0.8431832
0.33028793	0.3385849	0.19357526
0.81148577	0.43759903	0.84783727
0.89636123	0.36015233	0.7033363
0.33234763	0.1541757	0.30790052
0.41529965	0.26895702	0.10041347
0.8272935	0.83107096	0.9513327
0.8225315	0.84410167	0.81266093
0.9041581	0.8364084	0.7861301
0.8920971	0.9300369	0.9476191
0.7830113	0.87148714	0.83270854
0.73489344	0.95113206	0.9347524
0.7839105	0.82675815	0.8649105
0.84385455	0.9078704	0.9045926
0.91100085	0.8845339	0.9594927
0.12511125	0.15184844	0.029334307
0.9147911	0.8901167	0.9423404
0.9617143	0.8589001	0.9028506
0.97846293	0.73141634	0.9031744
0.6505573	0.8028729	0.64526856
0.96962076	0.8903468	0.93373287
0.8651638	0.40583357	0.36196592
0.9596764	0.96365064	0.8841382
0.105011225	0.3507529	0.14574888
0.120726466	0.91724074	0.1675216
0.990217	0.9849769	0.9797947
0.99069643	0.9962902	0.84020185
0.1707891	0.4949424	0.27663064
0.10922763	0.20301202	0.026018709
0.9727667	0.7793724	0.98238885
0.9973625	0.9763788	0.9920799
0.9883824	0.99895954	0.9844115
0.09584612	0.6748909	0.20024595
0.8949783	0.9577285	0.9265845
0.008589089	0.35138988	0.0051042736
0.7002729	0.70973396	0.7728853
0.10174012	0.50847566	0.13601735
0.98657346	0.99113256	0.9776008
0.2844132	0.75640976	0.566713
0.63737756	0.74451697	0.8072959
0.64268714	0.6934825	0.908107
0.91962445	0.86835057	0.9831691
0.6650095	0.7441032	0.91022724
0.15409887	0.76777005	0.55852574
0.8588309	0.93425524	0.91978216
0.7852105	0.81461495	0.83583355
0.93752515	0.9181212	0.95370775
0.006807953	0.033397853	0.0059610605
0.5221814	0.5258767	0.094919086
0.3749066	0.7494248	0.69814575
0.9250306	0.8953717	0.94941324
0.65471184	0.6788848	0.64729214
0.9191407	0.95443034	0.9284272
0.82314533	0.49419707	0.8985148
0.95958614	0.9438115	0.9425595
0.32751277	0.3611154	0.46733043
0.48687154	0.66895056	0.8795134
0.1262199	0.68634415	0.6735348
0.19803524	0.6593369	0.58921856
0.85887957	0.5027741	0.9494472
0.9637253	0.63731265	0.9501539
0.33668202	0.46029606	0.38782272
0.18966833	0.49082026	0.14783219
0.28776324	0.121233046	0.12842906
0.0017251074	0.029360414	0.0017568469
0.5350585	0.7719725	0.24444261
0.6196027	0.95271707	0.75187737
0.9496375	0.44534078	0.93497515
0.5319338	0.83510697	0.297549
0.96706057	0.8695018	0.9496654
0.41868824	0.17578527	0.4829153
0.25467753	0.21246034	0.35897022
0.079500884	0.12891081	0.04194066
0.8388361	0.9098238	0.82374096
0.98197436	0.9815111	0.9899492
0.18329814	0.31759354	0.21990317
0.93974	0.90581226	0.97815305
0.29267576	0.56364167	0.20530793
0.05460471	0.19563746	0.029105127
0.99314356	0.97123635	0.9927287
0.151651	0.21941862	0.5427799
0.7658346	0.54109764	0.8311993
0.969934	0.88054657	0.969068
0.83693796	0.9675218	0.92883134
0.9239415	0.975038	0.70608425
0.8070371	0.9249573	0.78244907
0.07981065	0.40805846	0.12548786
0.2983104	0.741029	0.22079977
0.1277582	0.39013034	0.10233101
0.116268754	0.43590578	0.07793391
0.012481391	0.036082387	0.0012014806
0.2046715	0.118679404	0.13390946
0.93769455	0.9735654	0.93790877
0.90452707	0.9711922	0.9211347
0.9896165	0.9847027	0.9333887
0.32595855	0.6599643	0.7097581
0.735384	0.81467354	0.78952336
0.73929566	0.89239323	0.7990287
0.60732144	0.3499874	0.5624489
0.82278264	0.8172159	0.8013525
0.99346817	0.99860406	0.99034584
0.98816264	0.9981836	0.9685401
0.79759836	0.84783065	0.74146384
0.7372839	0.7956382	0.58385587
0.063710004	0.43131733	0.52544576
0.9654442	0.9651966	0.9880576
0.7338432	0.8871826	0.7423325
0.92261755	0.93353146	0.7799393
0.07275912	0.099256635	0.07284805
0.60802805	0.49281216	0.6963334
0.080821276	0.17432341	0.07630128
0.9072087	0.7139563	0.84966755
0.6431642	0.5978801	0.7228021
0.9036896	0.37911186	0.8575176
0.9202031	0.91555506	0.9142976
0.6360593	0.76296544	0.63260895
0.648301	0.9156754	0.84413654
0.892917	0.89996576	0.92344785
0.99391204	0.98757184	0.9968425
0.96827376	0.959821	0.98038864
0.7251837	0.96988124	0.7808239
0.9036476	0.89782953	0.79662526
0.18742663	0.50490844	0.19302836
0.19964719	0.32816952	0.13210785
0.055353016	0.25448334	0.051569164
0.99708486	0.99857783	0.99892795
0.7000515	0.47397056	0.75029397
0.75257087	0.46676016	0.7229071
0.82138383	0.59809595	0.9918335
0.8124206	0.9468261	0.93239236
0.16449726	0.21905777	0.20301688
0.11585766	0.5764698	0.44993955
0.10579705	0.5159799	0.09437299
0.06395832	0.058429122	0.08328202
0.98644745	0.39766303	0.9153177
0.61852515	0.5227183	0.6956287
0.98873425	0.9985916	0.98654246
0.4560286	0.7824534	0.2803349
0.4922361	0.6500452	0.6716838
0.3719323	0.2550703	0.4397854
0.8992438	0.79023135	0.93478763
0.0012781024	0.2932464	0.011424124
0.2522377	0.25812364	0.12949148
0.9849143	0.77020323	0.98589814
0.69112855	0.2299411	0.5617834
0.14521691	0.15231386	0.020736605
0.48788458	0.72519517	0.7109542
0.95467544	0.99869925	0.94476485
0.91749936	0.972478	0.9871988
0.15838954	0.17218539	0.14683554
0.19502652	0.66647196	0.34147507
0.856719	0.61712635	0.826342
0.9365696	0.9064257	0.9564523
0.836874	0.5485401	0.82508266
0.92732906	0.9424484	0.887611
0.8459901	0.92755014	0.9176738
0.13441601	0.75583184	0.39837715
0.75554234	0.7529053	0.5390909
0.95231265	0.9037565	0.9738977
0.8607385	0.8610498	0.8469809
0.7413554	0.87075675	0.7844559
0.6331482	0.8713249	0.8448974
0.28926814	0.5750407	0.63839465
0.9153886	0.66408014	0.9710532
0.9492847	0.9809346	0.8905536
0.1601268	0.31225753	0.4570894
0.8405348	0.9258493	0.8989891
0.9821559	0.99256325	0.9904777
0.8439238	0.9750146	0.93867433
0.080578804	0.27701515	0.0632965
0.97836804	0.9949902	0.9714767
0.017562956	0.07834935	0.008182973
0.98233247	0.998272	0.9858885
0.98389673	0.95631385	0.99314475
0.71956646	0.6872177	0.5844616
0.2655999	0.5532673	0.21736303
0.95707893	0.97658277	0.9710119
0.9916377	0.9990014	0.9779755
0.99228954	0.9010812	0.9954189
0.497443	0.22621581	0.5104577
0.49559456	0.7457105	0.7055292
0.9794128	0.9411714	0.9899864
0.5985068	0.464245	0.3295296
0.25700164	0.95649254	0.5573421
0.70498246	0.65982497	0.8587933
0.9583439	0.9992945	0.9618801
0.22191763	0.6375335	0.3053221
0.53712094	0.5104577	0.29322267
0.36922997	0.80797607	0.34687018
0.9784827	0.9554265	0.9784378
0.08437225	0.11900118	0.00805071
0.21785992	0.47546142	0.3441913
0.26211625	0.5379655	0.4592237
0.47295734	0.5510185	0.41272852
0.6807555	0.60845023	0.35614592
0.9529017	0.8915373	0.92802596
0.9714425	0.6300783	0.9218786
0.72118104	0.2840712	0.7868389
0.8962477	0.97030884	0.9696522
0.8120326	0.6587088	0.94376767
0.46459347	0.5979317	0.32297087
0.77867115	0.23876837	0.39414006
0.14257178	0.2519225	0.03650844
0.10694131	0.12269223	0.056994975
0.076663315	0.3722922	0.20768031
0.9970359	0.9399023	0.9856336
0.6620491	0.19003814	0.35968858
0.754352	0.9925948	0.8655088
0.7554566	0.893349	0.71562636
0.37513137	0.31301883	0.285646
0.9640955	0.9098633	0.9777805
0.11862871	0.22932163	0.076777846
0.98846376	0.962587	0.9719738
0.56557333	0.9632143	0.5306006
0.6660851	0.6508585	0.9246713
0.92589843	0.9050269	0.9346873
0.8999102	0.76642644	0.9071244
0.9131044	0.9615149	0.64621216
0.4445455	0.63945526	0.6001516
0.029659301	0.12495777	0.011091679
0.6664792	0.7475238	0.8127892
0.010268688	0.04617876	0.015126169
0.54666865	0.8937396	0.5941762
0.99507457	0.978857	0.98134696
0.99672127	0.9444348	0.98691297
0.8297936	0.8842213	0.81661093
0.9985316	0.8874688	0.9809129
0.90413636	0.93434596	0.89454603
0.9889163	0.988045	0.9917934
0.25823367	0.19342175	0.07422534
0.9120234	0.89203346	0.9556068
0.9798182	0.9833965	0.94823277
0.37725088	0.38082176	0.14436951
0.7187613	0.9355644	0.7637087
0.99293166	0.9750501	0.98829114
0.28413096	0.18932468	0.32898486
0.8891453	0.87541896	0.9111823
0.5118103	0.48126924	0.7300075
0.36725193	0.9271667	0.66961867
0.9482576	0.9043757	0.9643674
0.19347692	0.18560007	0.07645127
0.83346117	0.8554375	0.89616466
0.78315586	0.70789766	0.867752
0.9452914	0.9396687	0.9293349
0.8172562	0.9803388	0.76929617
0.15118998	0.45886302	0.10069224
0.3460248	0.4753682	0.5363388
0.8136102	0.76661766	0.7084168
0.8841177	0.92681015	0.8753153
0.89706045	0.80772805	0.9164368
0.78915524	0.90538806	0.8894535
0.8025717	0.8071511	0.6517668
0.9987513	0.9985992	0.99697876
0.8691666	0.91217625	0.87226886
0.97739196	0.96241426	0.9882931
0.9584235	0.92522657	0.9885564
0.9729515	0.86728823	0.9864464
0.49141455	0.34874305	0.40807793
0.90241444	0.8995439	0.8371098
0.5018813	0.43720686	0.19472212
0.997404	0.99078894	0.9917295
0.2661049	0.4340512	0.17404512
0.8405421	0.82871246	0.93711877
0.37168425	0.97627366	0.30300957
0.34711552	0.17670885	0.29371688
0.021841794	0.2974512	0.022176325
0.9968655	0.97825754	0.99147606
0.91462934	0.9898714	0.8869177
0.9832955	0.9528351	0.9928632
0.3019937	0.52474695	0.47125402
0.21654415	0.17437786	0.16387272
0.70227426	0.8399271	0.72348857
0.10908422	0.22572094	0.11231908
0.53044486	0.74320245	0.6964196
0.97957045	0.998679	0.8358425
0.9499388	0.9775046	0.91761005
0.7170747	0.8202368	0.8586195
0.6223722	0.95678896	0.6962993
0.9948111	0.97884	0.9894686
0.26881456	0.66651404	0.23713493
0.5039782	0.83236325	0.48127374
0.849578	0.979769	0.9030367
0.0028364956	0.023860931	0.0030358434
0.011931539	0.1382677	0.024620563
0.5126378	0.6773549	0.6074181
0.82410467	0.98769474	0.86904895
0.8808362	0.77333784	0.84494627
0.99271005	0.9893526	0.99455553
0.017971754	0.08223909	0.019886255
0.016394526	0.17202547	0.01199469
0.72657585	0.84081566	0.6744107
0.10734877	0.1459592	0.4108495
0.96035737	0.95248175	0.98713636
0.53528297	0.3822543	0.8335347
0.03517422	0.0852046	0.106206626
0.9897747	0.7464883	0.9694667
0.9844295	0.90498257	0.96778476
0.86855495	0.73597145	0.982849
0.96479225	0.94858694	0.9748584
0.8329705	0.9093853	0.9156487
0.8487044	0.5704407	0.8313229
0.096113026	0.2943821	0.22566962
0.07003105	0.33286765	0.16904044
0.08382073	0.051962674	0.035257995
0.8730767	0.9844204	0.79437184
0.047796577	0.44441062	0.022218257
0.94080484	0.99020076	0.9189102
0.97259337	0.8534716	0.99698853
0.80478543	0.8100085	0.91550595
0.93799937	0.917369	0.7412656
0.12662947	0.16767377	0.022844672
0.46265057	0.27549928	0.6092265
0.0019316375	0.28161198	0.0048145056
0.0178051	0.10971445	0.112260014
0.33142483	0.11215165	0.18314159
0.44546196	0.29709032	0.6356901
0.3858399	0.22152895	0.7812642
0.001755476	0.06137654	0.002471447
0.09968704	0.7486517	0.13645902
0.7212662	0.6380064	0.8865543
0.8602845	0.864926	0.8142079
0.9744625	0.99250275	0.97837913
0.00574106	0.116705686	0.017273456
0.60258067	0.5586884	0.638274
0.81554365	0.62853	0.88832253
0.99684834	0.9755921	0.9994782
0.04312411	0.3751286	0.31375936
0.75081396	0.76115966	0.7336131
0.7029058	0.7221212	0.68915737
0.98914254	0.99113834	0.9914205
0.65727526	0.6285792	0.6744765
0.55235934	0.90653485	0.59234065
0.020201653	0.047413945	0.039881647
0.8637535	0.63070965	0.900731
0.24954098	0.4703902	0.29105252
0.80522287	0.48747742	0.81620276
0.98012036	0.7214776	0.923403
0.6220694	0.5966745	0.5719182
0.21616724	0.587686	0.11490843
0.35549638	0.86585426	0.32208484
0.8790074	0.61839205	0.6010528
0.058133364	0.23507458	0.19751865
0.14087328	0.22608113	0.12033242
0.18758294	0.627741	0.21909443
0.34104162	0.34663254	0.2843446
0.72119176	0.3135631	0.5159517
0.9451142	0.80573225	0.96594304
0.115091026	0.7880269	0.39055157
0.77441823	0.84889853	0.82111347
0.9855776	0.9337338	0.99120784
0.82134587	0.8068335	0.8758526
0.09345156	0.23849404	0.07114905
0.88418	0.87491095	0.8830448
0.050816804	0.46324953	0.0072899163
0.9778794	0.9634134	0.9934346
0.82075167	0.92285824	0.75394
0.039831936	0.18732473	0.34572706
0.5032176	0.18398291	0.67648697
0.9807391	0.9819888	0.98996603
0.39321873	0.6718348	0.72867805
0.8574878	0.84117335	0.9222034
0.017443717	0.048050582	0.028265655
0.9501554	0.8425354	0.9193851
0.78897595	0.9841772	0.8580394
0.97862196	0.9768021	0.9736717
0.7052578	0.46185714	0.74085
0.9440416	0.9914137	0.9597305
0.9759603	0.9970775	0.98136854
0.93581086	0.9600943	0.9836761
0.0065158904	0.054807305	0.00705871
0.115745455	0.3079198	0.041487426
0.01282987	0.2843191	0.010733575
0.7907312	0.5557197	0.8552233
0.5877279	0.7296594	0.41812494
0.063736886	0.8321267	0.3511699
0.9404826	0.72361755	0.9360491
0.82346773	0.604901	0.38017362
0.8836566	0.901876	0.7833538
0.09844783	0.4093854	0.05649641
0.88061726	0.9970206	0.90878415
0.9953575	0.9091891	0.9990449
0.3250944	0.344984	0.06804919
0.77313703	0.18255061	0.71266997
0.017067939	0.12882641	0.024896055
0.95370513	0.99929583	0.95371413
0.8708811	0.9473904	0.91751075
0.26503262	0.5123801	0.5639282
0.092829674	0.3670747	0.27300543
0.9919498	0.80213845	0.9914702
0.017445832	0.21010724	0.14187151
0.122235686	0.19594595	0.3483352
0.9836519	0.8902701	0.9590003
0.8129573	0.97690964	0.8721827
0.104821235	0.16195753	0.11314207
0.871487	0.8260382	0.91652024
0.06560621	0.104931206	0.07045469
0.6942418	0.9050271	0.8217795
0.66309804	0.8665973	0.75921667
0.99196416	0.9555266	0.9834554
0.7985025	0.1296598	0.5663976
0.97371125	0.9555385	0.9930464
0.9162384	0.8145796	0.97334373
0.82262766	0.84981984	0.85823905
0.5991851	0.5561578	0.8195226
0.3153078	0.46818477	0.44699824
0.2913174	0.59235406	0.72503185
0.617019	0.5505458	0.61437374
0.83257973	0.7641829	0.9235705
0.5387645	0.85365593	0.29066277
0.5703098	0.33558586	0.7017639
0.014146507	0.042284638	0.0066593587
0.9330208	0.98165697	0.981166
0.6042156	0.64021474	0.5418811
0.008526742	0.38376647	0.11309382
0.8464273	0.34265825	0.9003147
0.8836917	0.486778	0.92408574
0.91105264	0.9549583	0.8921547
0.22633776	0.78873354	0.29691917
0.98366725	0.99416155	0.92006946
0.9566553	0.7082729	0.9485804
0.3918988	0.21302485	0.6200135
0.73802185	0.68345255	0.50591487
0.8438809	0.30013174	0.9440658
0.6716382	0.75993645	0.8166514
0.20697144	0.5542442	0.20916548
0.38014394	0.8789278	0.2024552
0.0922285	0.19121811	0.4441037
0.03373581	0.1610282	0.21918207
0.20324108	0.20897487	0.2359482
0.08632937	0.40076298	0.05771503
0.21046218	0.4910255	0.33998853
0.005144596	0.0724487	0.0024690628
7.854555e-05	0.017573744	6.629955e-05
0.7597008	0.65446585	0.75504106
0.93884885	0.78793764	0.818226
0.86648387	0.50592536	0.56156194
0.01506412	0.0062925816	0.006264925
0.048463315	0.26889992	0.14469084
0.5041941	0.19648266	0.4539218
0.9689944	0.9286073	0.9512421
0.49509236	0.7394488	0.64003915
0.012405366	0.027282655	0.004535258
0.7048238	0.3556564	0.5905459
0.80603373	0.86900187	0.8285102
0.12536356	0.33687866	0.03229192
0.95122176	0.9276662	0.83259994
0.009717613	0.17396012	0.065258235
0.9814152	0.91702616	0.9611365
0.90223277	0.801574	0.8294999
0.42165464	0.5883731	0.53979325
0.8983813	0.9499686	0.9204922
0.34407485	0.61394024	0.42108285
0.39589098	0.94457185	0.77308726
0.83113885	0.89449805	0.8909966
0.7470204	0.7875018	0.8737599
0.91682243	0.86569977	0.91930497
0.83589077	0.8634436	0.84017766
0.97112215	0.9672339	0.9376217
0.2734784	0.5961075	0.47566843
0.5295437	0.61513156	0.5072936
0.69871897	0.6330557	0.6960127
0.9965125	0.9960493	0.96957
0.63888276	0.7892353	0.40767366
0.182868	0.40059036	0.11010674
0.035188884	0.077970564	0.015234411
0.23202282	0.3531583	0.16307789
0.0061097443	0.18245023	0.0070476234
0.32599866	0.76041806	0.42734957
0.88751405	0.86915606	0.92576855
0.37054932	0.2225216	0.42563176
0.86940145	0.51244384	0.9026722
0.76038814	0.28685918	0.18065527
0.27319902	0.05165863	0.030479312
0.28352877	0.04275945	0.1759088
0.91002053	0.42215276	0.7125113
0.4381205	0.10089779	0.3149153
0.3002932	0.24464634	0.43526566
0.81865764	0.31939223	0.6996121
0.89244485	0.9843824	0.92127156
0.9860642	0.9129685	0.9913486
0.7896429	0.8623778	0.7118355
0.9982915	0.9872066	0.9893558
0.028791606	0.1535371	0.039498836
0.20693016	0.070747465	0.18779114
0.020668626	0.33164692	0.064397365
0.8218628	0.5454123	0.8182715
0.8672544	0.70934427	0.29432023
0.9254594	0.9370113	0.88538253
0.07918322	0.32685816	0.19616488
0.907778	0.88087577	0.9175439
0.6694069	0.7375145	0.7491355
0.052902848	0.074130476	0.029016197
0.6745498	0.9793495	0.832744
0.45599034	0.7528497	0.43639392
0.8899271	0.80006397	0.9453169
0.6180341	0.39600253	0.31347
0.99294174	0.96348596	0.9906105
0.99080867	0.99971247	0.98856443
0.35506496	0.453466	0.6236677
0.621674	0.34439877	0.7869092
0.34926224	0.29573727	0.62055725
0.39963728	0.7468367	0.5960941
0.0051267445	0.056944817	0.011578709
0.03046292	0.22828805	0.008295566
0.726688	0.42463824	0.7908472
0.84994376	0.49072453	0.73941433
0.07761124	0.16563886	0.012382507
0.15753269	0.38002142	0.05873984
0.99693143	0.9805335	0.9929276
0.6391344	0.711588	0.62205875
0.34533918	0.14809111	0.01798305
0.9950071	0.9764787	0.9603783
0.47135293	0.25879112	0.5230428
0.9028164	0.4071936	0.6617687
0.9054129	0.820727	0.9848963
0.34519187	0.5757048	0.37195492
0.2224051	0.41895652	0.31070772
0.890201	0.9310589	0.8128551
0.9594923	0.97713286	0.8209816
0.5992548	0.8456708	0.677727
0.65347254	0.7242483	0.6743515
0.83273804	0.9636686	0.8948355
0.8747461	0.85446817	0.9539448
0.9933377	0.9989991	0.99515855
0.3343753	0.40942073	0.42420623
0.97242	0.88157713	0.96879435
0.71421707	0.1915231	0.29248035
0.9979699	0.95835626	0.99589217
0.17400843	0.5374901	0.37400162
0.5157869	0.4498148	0.63798237
0.81371117	0.8460437	0.78506726
0.958028	0.89629996	0.95206594
0.9195309	0.8501457	0.8250189
0.5444473	0.88743067	0.70339704
0.63694966	0.6500413	0.6784182
0.8861869	0.86388266	0.8491647
0.96632385	0.9142137	0.9753443
0.9963207	0.9680395	0.99325776
0.92822456	0.96334374	0.9617789
0.66069853	0.5657632	0.6821897
0.00050997734	0.015508175	0.00043213367
0.2269828	0.041686058	0.052696943
