blosum30	blosum60
0.9146217	0.9940858
0.93894446	0.03477788
0.0052209795	0.12395221
0.011893928	0.00038048625
0.9575423	0.9852562
0.30843434	0.00022095442
0.94199103	0.98101914
0.25668526	0.7138422
0.2195254	0.004452139
0.0010100007	0.025767207
0.9044013	0.029140234
0.31029022	0.0060815215
0.00033426285	0.17880747
0.0090256035	0.0013583899
0.0010523498	0.0001899004
0.46296984	0.13763571
0.019971669	0.009865195
0.10884449	0.5403218
0.8950248	0.07832691
0.10459423	0.39463496
0.9136735	0.966314
0.08979049	0.043298393
0.8700224	0.53591067
0.89916825	0.9784686
0.0009562373	0.00049605966
0.9841051	0.97871417
0.9072254	0.88935244
0.15006292	0.0019536614
0.7390535	0.9910661
0.98303926	0.6677532
0.44477832	0.11404264
0.9373319	0.8898081
0.05564162	0.0002529025
0.97645575	0.9881405
0.000106541345	0.006549269
0.00018012524	0.0014841259
0.9994309	0.9908775
0.020526856	0.5572909
0.0015098155	0.006679207
0.00872916	0.008181751
0.9767189	0.9940369
0.91618204	0.96374357
0.016029835	0.0004904866
0.10352677	0.69699407
0.00046914816	2.4396755e-05
0.20153701	0.933973
0.000101530786	0.002283126
0.97770023	0.9860233
0.96453965	0.9275806
0.068903744	0.15076956
0.9134517	0.93966115
0.92364466	0.9775083
0.9906756	0.59262544
0.077141285	0.005443424
0.033230513	0.004588574
0.0023017824	0.16041291
0.9944797	0.24671304
0.3427599	0.050390035
0.0027873814	0.0006496906
0.9795142	0.85423505
0.8849189	0.52073646
0.07378316	0.00720188
0.12758115	0.0021414459
0.9564507	0.04384461
0.98394585	0.9251437
2.6448128e-05	0.0010955334
0.00039371848	0.0023642778
0.030080795	0.007131636
0.063684255	0.7312499
0.9705795	0.8761995
0.5165053	0.8607589
0.005221516	0.020209491
0.08438206	0.9569328
0.9763749	0.9853576
0.16784698	0.011464924
0.9263177	0.9765661
0.9386916	0.9646486
0.9674287	0.9886403
0.99688804	0.9917475
0.0034614503	0.020859182
0.040508777	0.0002041161
0.011638194	0.80114526
0.48120368	0.9508309
0.201756	0.087010086
0.04837385	0.0003515184
0.75289005	0.8355411
0.43972042	0.31755295
0.90826285	0.92059886
0.96341777	0.65388036
0.14594173	0.06614527
0.0011821389	0.004309386
0.93015116	0.77300715
0.04209122	0.04332301
0.6029565	0.1062662
0.9991361	0.22496566
0.11879945	0.017116964
0.0032060742	0.08715248
0.93195945	0.50370735
0.966117	0.9960685
0.074886054	0.01783052
0.21153602	0.037514508
0.22665814	0.9944929
0.7756933	0.6933034
0.0019812584	0.0021674633
0.7345638	0.011952221
0.019150913	0.109279275
0.9964887	0.8651143
0.04069799	0.0019004345
0.93540835	0.9222244
0.70577264	0.8454455
0.9285673	0.26535615
0.92299443	0.9538556
0.91983104	0.9787128
0.52854556	0.19193926
0.9328003	0.68803483
0.8078053	0.838963
0.9510236	0.9890807
0.22291893	0.480453
0.99131566	0.8767804
0.8449096	0.42354786
0.3034882	0.7297451
0.53071433	0.9368746
0.77184045	0.9386333
0.2613047	0.91337204
0.72697663	0.95004046
0.6698507	0.018427908
0.16017449	0.1869885
0.78666735	0.95380783
0.98520255	0.32346776
0.8945287	0.030689657
1.3498473e-06	1.17535465e-05
0.60727656	0.95095885
0.9823475	0.8238683
0.9624665	0.977203
0.021329105	0.64939135
0.8620244	0.9978702
0.19935504	0.0041174293
0.3928138	0.89071524
0.006507665	0.8220669
0.9991347	0.9842504
0.14483821	0.07610777
0.85169375	0.58333486
0.13009289	0.6498543
0.8983224	0.8412143
0.7906515	0.90784246
0.89962435	0.95606554
0.6900794	0.9721608
0.8720678	0.6173094
0.98637265	0.9669473
0.16360855	0.0044321716
0.00043550134	0.0054807663
0.9770427	0.8806354
0.71083593	0.86135197
0.9507682	0.9383539
0.9768907	0.9299921
0.69672745	0.8279964
0.92928874	0.86269593
0.19204074	0.60511005
0.59803164	0.4930892
0.87870705	0.67454666
0.0008609593	0.075491965
0.4284442	0.48363924
0.0076104105	0.012721717
0.97265565	0.4779467
0.025958836	0.014989346
0.9946084	0.01107201
0.005634755	0.00023508072
0.07960233	0.100221425
0.85893106	0.9888585
0.99822044	0.9936991
0.7911586	0.6357055
0.80766195	0.7764064
0.42056873	0.341206
0.018762767	0.043293834
8.688423e-05	0.05756879
0.94364274	0.9887396
0.988443	0.9822922
0.08522686	0.01700735
0.8743435	0.97747076
0.021971077	0.19377121
0.3197806	0.26887798
0.60842127	0.84273016
0.5895278	0.00081822276
0.21691397	0.9760087
0.9431447	0.9773632
0.85959834	0.9584235
0.97426367	0.94967437
0.9647279	0.98956215
0.016053647	0.61117
0.056277007	0.00096702576
0.39836696	0.0019529164
0.019104987	0.0013376474
0.0003439486	0.60355425
0.0069788992	0.00013315678
0.9945562	0.9022285
0.49663395	0.91399705
0.98887444	0.88669926
0.51321846	0.8896162
0.96608365	0.97260225
0.71521646	0.8556112
0.03656906	0.00036677718
0.66330457	0.8272113
0.99798286	0.9870428
0.9778758	0.9803469
0.84673345	0.93453854
0.73169667	0.08586222
0.007129103	6.9809807e-06
0.92728853	0.8758512
0.6895507	0.94643104
0.96470416	0.20441172
0.0011018515	0.07385582
0.9876913	0.7539381
0.0058677495	0.48780826
0.54272693	0.66922873
0.6956623	0.40284422
0.42559195	0.401671
0.96171844	0.70546275
0.8829476	0.519382
0.9673617	0.70616543
0.8748826	0.66181123
0.9917798	0.98308897
0.41423625	0.8823265
0.77459	0.3848632
0.6497952	0.8844008
0.005135983	0.22169825
0.16979778	0.007629901
0.6051509	0.015975118
0.99823415	0.97174037
0.80720055	0.19596305
0.3080554	0.89447725
0.005554706	0.002603799
0.14033812	0.9703088
0.014485747	0.16958705
0.07384238	0.0049831867
0.0039957464	0.4266828
0.0051324666	0.0003927052
0.9925004	0.4257267
0.023081064	0.18218556
0.9748932	0.986152
0.019982725	0.00038906932
0.13000596	0.019563824
0.8991873	0.0025587976
0.64823055	0.9558028
0.0021953285	0.00023326278
0.0017815828	0.34583485
0.6430087	0.92145324
0.00061029196	0.04504299
0.005572289	0.0032538474
0.342103	0.0072532
0.9710952	0.943732
0.9864324	0.74416316
0.53889	0.6222527
0.0063370466	0.006912887
0.5264548	0.653585
0.917456	0.9608666
0.99443436	0.86068714
0.9833436	0.9110837
0.64232033	0.73703057
0.7285824	0.19910565
0.7544732	0.39266944
0.97120965	0.99786866
0.80352056	0.83263135
0.887938	0.9649197
0.9827107	0.9855287
0.22556612	0.23486692
0.9999993	0.9955489
0.9153921	0.9820586
0.18276775	0.00087574124
0.99477583	0.95048296
0.8999263	0.97834086
0.99329376	0.73131317
0.00045222044	0.00013998151
0.97690606	0.9853791
0.5039655	8.099145e-06
0.9487311	0.9584932
0.44958076	0.7315606
0.7688718	0.016681165
0.00076299906	0.014825702
0.9532482	0.9077536
0.9495919	0.95525306
0.0039096475	0.9924533
0.34679556	0.8421656
0.99108243	0.5446745
0.8042566	0.8482846
0.49405372	0.76239586
0.74742985	0.97580206
0.00010627061	0.015381902
0.9968616	0.8766257
0.23776251	0.0032023787
0.09191018	0.52044237
0.99609256	0.0049729347
0.9460362	0.98975
0.030812413	0.14430463
0.00022774935	0.055354655
0.46629623	0.56161994
0.8594825	0.0043581724
0.8698981	0.5475864
0.8360552	0.9250963
0.5678981	0.79428506
0.16962153	0.111082345
0.7555174	0.9739306
0.7217176	0.53448963
0.12268239	0.008024603
0.0005315244	0.06628081
0.0073954463	0.008104503
0.50053674	0.45143715
0.6368662	0.0830822
0.9817817	0.96095556
0.05474305	0.17605343
0.9983388	0.97642255
0.7808768	0.93824744
0.05498749	0.5723947
0.7476037	0.86839306
0.00097343326	0.15666646
0.6035582	0.95255065
0.7693943	0.9314816
0.7833752	0.9810492
0.0086526275	0.95945036
0.7332909	0.935296
0.44740197	0.017105967
0.7638917	0.7439142
0.2402173	0.034118086
0.9390315	0.9625515
0.0003786981	0.00097596645
0.05190763	0.09337282
0.9588796	0.97532487
0.96188474	0.9848859
0.67019033	0.08549115
0.9485835	0.9880748
0.86620045	0.76457536
0.9574461	0.97914064
0.2365481	0.00773564
0.92083204	0.91670567
0.98621035	0.97341496
0.55991876	0.9684974
0.76849437	0.97544146
0.26195908	0.90937495
0.002901107	0.028175503
0.2206786	0.4513744
0.91490585	0.9711666
0.94127566	0.8457217
0.8722142	0.9542418
0.59985423	0.56901985
0.67133456	0.72071207
0.84604657	0.7179584
0.5342073	0.9559988
0.80527127	0.5079438
0.5099813	0.75995916
0.987183	0.89953667
0.6021814	0.75919676
0.79039216	0.9148865
0.5996962	0.9303644
0.79929316	0.94375324
0.9405869	0.9495424
0.9956528	0.9459666
0.965121	0.9447732
0.95321715	0.9906584
0.9741493	0.8771905
0.84696615	0.52796084
0.012747496	0.28817955
0.9834381	0.86470973
0.307367	0.0010558069
0.95565325	0.985796
0.019659936	0.0004350245
0.58202064	0.26254863
0.41978824	0.36095083
0.4859437	0.01517275
0.00022116303	0.03787163
0.9760535	0.9965946
0.9976758	0.96933097
0.9635955	0.97435
0.16109002	0.0006299615
0.005643517	0.017627418
0.308427	0.76557004
0.07279116	0.00091823936
0.6226544	0.8868842
0.99106765	0.9424201
0.94152707	0.94746256
0.9024228	0.75136256
0.8149644	0.9003247
0.16865575	0.9695184
0.9981965	0.47653195
0.56018996	0.67908937
0.49552104	0.9267999
0.006320119	0.0002824664
0.0024452806	0.0002450943
0.61194664	0.45469373
0.9017825	0.6262359
0.0014364421	0.21388832
0.8740423	0.97360075
0.9798213	0.0044311583
0.0010899007	0.64586574
0.53484297	0.5755311
0.00040075183	0.0011495352
0.9825988	0.98119307
0.6304162	0.00034713745
0.009853452	0.014974862
0.999983	0.93783194
0.999985	0.9968512
0.896446	0.9843401
0.9889247	0.9895717
0.9632641	0.9795729
0.3798936	0.0085784495
0.002051115	0.031767875
0.06381184	0.16916418
0.13202071	0.28864843
0.7116404	0.86592263
0.0010633469	1.7945345e-05
0.8418826	0.7095615
0.9579976	0.926009
0.74899256	0.9171846
0.96735346	0.98180985
0.48770642	0.21110025
0.07116482	0.055202067
0.1014542	0.0022267401
0.30504793	2.0101015e-05
0.0023423433	0.0021508336
0.8996966	0.21157801
0.0026845038	0.0016663373
4.0077106e-05	0.00020557642
0.1301798	0.2381345
0.9365852	0.9457551
0.5624548	0.606661
0.98606217	0.99553424
7.4452364e-05	0.001430273
0.7254075	0.81439793
0.37254506	0.8962753
0.9339175	0.973447
0.98640543	0.21838501
0.721035	0.9383452
0.8730814	0.91955674
0.72275823	0.9569681
0.99204	0.25107774
0.0480223	0.70191383
0.055429757	1.671558e-05
0.0009354949	0.0186584
0.99269444	0.98233837
0.8688781	0.19083384
0.9709789	0.5379067
0.22583663	0.29323906
0.25070828	0.17164361
0.75640285	0.02121818
0.045588374	0.14947191
0.005518973	0.00081658363
0.6219927	0.00013163686
0.39152017	0.0002258718
0.00080764294	0.46979424
0.6688437	0.88203245
0.026002258	0.0012462139
0.5887164	0.8200459
0.73941976	0.9049643
0.8872734	0.9200922
0.92957056	0.9833076
0.0004543364	7.616374e-05
0.84918654	0.9612247
0.07563868	1.380523e-05
0.9733493	0.9212742
0.47397465	0.6300558
0.24043769	0.049418926
0.96748227	0.43584868
0.9595792	0.96327996
0.027462125	0.021886468
0.6898804	0.35396263
0.0058819056	0.004814565
0.26960683	0.14730757
0.93045026	0.8887707
0.96587634	0.96578467
0.0005738139	0.045533538
0.9767556	0.9521256
0.9961313	0.7069774
0.001926899	0.81233525
0.008678436	0.44882733
0.015199304	0.005405873
0.015915036	0.26264322
0.0026898682	0.0035954118
0.84171414	0.0003710389
0.00033169985	0.007497996
0.9808682	0.95304227
0.48670408	0.00043588877
0.0016305447	0.00420025
0.06091845	0.18132642
0.9755025	0.98620087
0.0006248951	0.04604435
0.6751789	0.14173439
0.98726785	0.735083
0.028912574	0.0015905797
0.99937594	0.9450343
0.6137175	0.9435774
0.015244663	0.00011676864
0.0018326044	0.0004787743
0.9421551	0.9820564
0.3333168	0.010831624
0.54173696	0.085953414
0.055521637	0.35642576
0.767192	0.9315033
0.76508653	0.15304443
0.96300554	0.94618493
0.041538924	0.6576811
0.16298941	0.7665236
0.5051888	0.7801125
0.93209094	0.94454074
0.21384987	0.44489902
0.5482399	0.87017787
0.8942071	0.94550204
0.3278193	0.7731461
0.6599136	0.93979394
0.7806504	0.78528804
0.9896828	0.9334196
0.3944022	0.95570797
0.79006886	0.959701
0.85939515	0.8708889
0.96475613	0.7544986
0.00064638257	0.0001283586
0.9350053	0.90588874
0.009370774	0.00062149763
0.06561586	0.28037843
0.34488323	0.8527136
0.78963107	0.9911784
0.9542879	0.9636637
0.99781287	0.052112162
0.9704176	0.9703635
0.997092	0.97526914
0.0049354434	0.015912026
0.9554789	0.25032073
0.02091977	0.007632941
0.98229015	0.48351595
0.9945699	0.0023072958
0.39958024	0.014967203
0.0058433115	0.11686644
0.84706986	0.019896865
0.91399926	0.14086336
0.004229009	0.00022163987
3.4853347e-05	0.038939267
0.38249642	0.7164849
0.04940176	0.0015856326
0.7950381	0.21686521
0.54609925	0.94779015
0.40819532	0.035577804
0.00245592	0.0015165806
0.0023732781	0.05467716
0.35270143	0.0023272932
0.54449546	0.94803286
0.76240325	0.96327746
0.57198083	0.024172872
0.69158477	0.75159264
0.78165853	0.9538977
0.93146336	0.0016468465
0.6434634	0.8822222
0.018152684	0.0027448237
0.9989469	0.99307245
0.22953412	0.95880216
0.23163313	0.44501847
0.68984306	0.8175682
0.6698178	0.66253483
0.71007705	0.9465067
0.67558205	0.9615922
0.32451177	0.5641969
0.99788857	0.9862526
0.9881867	0.9521145
0.7958244	0.8435688
0.073337436	0.31661478
0.13171759	0.05888647
0.37822485	0.008362532
0.7562681	0.9877696
0.9509598	0.046826363
0.24793991	0.19232684
0.009533644	0.0075457394
0.00064110756	0.009199023
0.001372695	0.0184111
0.49710962	0.049482703
0.95148456	0.86996245
0.00912708	0.2570004
0.020613104	0.5359382
0.00027409196	0.01995495
0.020774126	0.00037708879
0.011431307	0.004766792
0.91361	0.94787395
0.4567789	0.94291735
0.49696368	0.07226288
0.9771862	0.75829387
0.7462379	0.9557227
0.8719705	0.8968447
0.57235765	0.0065327883
0.96699274	0.9616797
0.51771307	0.007010877
0.7087442	0.00012916327
0.0038855374	0.69177854
0.98666847	0.8860873
0.4310703	0.10429537
0.74603117	0.90504146
0.5348995	0.0065045953
0.71922773	0.90076435
0.88182795	0.90725857
0.15600875	0.14217651
0.8369236	0.72998774
0.13472724	0.22374362
0.8858254	0.96242106
0.75010645	0.71200126
0.91366935	0.9579859
0.87174886	0.9865017
0.0032185316	0.061344445
0.0058564246	0.98526305
0.45322245	0.2645366
0.14858821	0.33894688
0.5213818	0.36411119
0.1433428	0.0050433874
0.97554684	0.7046485
0.0043102205	0.0007699132
0.845356	0.0043744445
0.020331085	0.40648365
0.91568047	0.98812544
0.6975835	0.86466575
0.8392352	0.11385995
0.91846514	0.9802916
0.1961048	0.0011809766
0.6295448	0.19072887
0.2967399	0.8796408
0.9970511	0.77815866
0.12565997	0.15109667
0.9191288	0.95475775
0.9910182	0.9879192
0.23727664	0.71566355
0.9798503	0.9593499
0.89800036	0.9714487
0.9824506	0.9504994
0.9865559	0.9001608
0.9663033	0.29323876
0.91110873	0.9887341
0.98444796	0.89474833
0.99497086	0.98646796
0.0023697913	0.5966611
0.00073361397	0.008056343
0.82547736	0.9126334
0.6808925	0.9116772
0.17869613	0.16775107
0.9006492	0.80791926
0.2772364	0.83365846
0.18819273	0.78918564
0.87909377	0.9951877
0.9968101	0.97346926
0.881194	0.9695576
0.7746036	0.09402177
0.0026979148	0.0032013953
0.22536424	0.46310276
